
# Surface 0 of 1 surfaces

# Curve title: ""./data/OGFM-LS5-shocked_helium_bubble-MUSCL-325-89-3090-ls.dat""

# Contour 0, label:      210
 315.268  88.5  210 
 315.375  87.5  210 
 315.477  86.5  210 
 315.5  86.264  210 
 315.574  85.5  210 
 315.666  84.5  210 
 315.754  83.5  210 
 315.837  82.5  210 
 315.915  81.5  210 
 315.988  80.5  210 
 316.057  79.5  210 
 316.121  78.5  210 
 316.18  77.5  210 
 316.235  76.5  210 
 316.284  75.5  210 
 316.33  74.5  210 
 316.369  73.5  210 
 316.405  72.5  210 
 316.435  71.5  210 
 316.46  70.5  210 
 316.482  69.5  210 
 316.497  68.5  210 
 316.5  68.2  210 
 316.508  67.5  210 
 316.513  66.5  210 
 316.503  65.5  210 
 316.5  65.2692  210 
 316.489  64.5  210 
 316.469  63.5  210 
 316.444  62.5  210 
 316.415  61.5  210 
 316.38  60.5  210 
 316.341  59.5  210 
 316.296  58.5  210 
 316.247  57.5  210 
 316.194  56.5  210 
 316.134  55.5  210 
 316.071  54.5  210 
 316.003  53.5  210 
 315.93  52.5  210 
 315.852  51.5  210 
 315.77  50.5  210 
 315.683  49.5  210 
 315.591  48.5  210 
 315.5  47.5562  210 
 315.495  47.5  210 
 315.393  46.5  210 
 315.287  45.5  210 
 315.176  44.5  210 
 315.287  43.5  210 
 315.393  42.5  210 
 315.495  41.5  210 
 315.5  41.4438  210 
 315.591  40.5  210 
 315.683  39.5  210 
 315.77  38.5  210 
 315.852  37.5  210 
 315.93  36.5  210 
 316.003  35.5  210 
 316.071  34.5  210 
 316.134  33.5  210 
 316.194  32.5  210 
 316.247  31.5  210 
 316.296  30.5  210 
 316.341  29.5  210 
 316.38  28.5  210 
 316.415  27.5  210 
 316.444  26.5  210 
 316.469  25.5  210 
 316.489  24.5  210 
 316.5  23.7308  210 
 316.503  23.5  210 
 316.513  22.5  210 
 316.508  21.5  210 
 316.5  20.8  210 
 316.497  20.5  210 
 316.482  19.5  210 
 316.46  18.5  210 
 316.435  17.5  210 
 316.405  16.5  210 
 316.369  15.5  210 
 316.33  14.5  210 
 316.284  13.5  210 
 316.235  12.5  210 
 316.18  11.5  210 
 316.121  10.5  210 
 316.057  9.5  210 
 315.988  8.5  210 
 315.915  7.5  210 
 315.837  6.5  210 
 315.754  5.5  210 
 315.666  4.5  210 
 315.574  3.5  210 
 315.5  2.73596  210 
 315.477  2.5  210 
 315.375  1.5  210 
 315.268  0.5  210 


# Contour 1, label:      200
 304.434  88.5  200 
 304.5  87.9078  200 
 304.546  87.5  200 
 304.653  86.5  200 
 304.754  85.5  200 
 304.851  84.5  200 
 304.942  83.5  200 
 305.03  82.5  200 
 305.111  81.5  200 
 305.188  80.5  200 
 305.26  79.5  200 
 305.327  78.5  200 
 305.389  77.5  200 
 305.446  76.5  200 
 305.498  75.5  200 
 305.5  75.4545  200 
 305.545  74.5  200 
 305.587  73.5  200 
 305.624  72.5  200 
 305.656  71.5  200 
 305.683  70.5  200 
 305.705  69.5  200 
 305.722  68.5  200 
 305.733  67.5  200 
 305.738  66.5  200 
 305.73  65.5  200 
 305.714  64.5  200 
 305.693  63.5  200 
 305.667  62.5  200 
 305.636  61.5  200 
 305.6  60.5  200 
 305.558  59.5  200 
 305.512  58.5  200 
 305.5  58.266  200 
 305.461  57.5  200 
 305.405  56.5  200 
 305.343  55.5  200 
 305.277  54.5  200 
 305.205  53.5  200 
 305.129  52.5  200 
 305.048  51.5  200 
 304.962  50.5  200 
 304.87  49.5  200 
 304.774  48.5  200 
 304.672  47.5  200 
 304.566  46.5  200 
 304.5  45.902  200 
 304.456  45.5  200 
 304.339  44.5  200 
 304.456  43.5  200 
 304.5  43.098  200 
 304.566  42.5  200 
 304.672  41.5  200 
 304.774  40.5  200 
 304.87  39.5  200 
 304.962  38.5  200 
 305.048  37.5  200 
 305.129  36.5  200 
 305.205  35.5  200 
 305.277  34.5  200 
 305.343  33.5  200 
 305.405  32.5  200 
 305.461  31.5  200 
 305.5  30.734  200 
 305.512  30.5  200 
 305.558  29.5  200 
 305.6  28.5  200 
 305.636  27.5  200 
 305.667  26.5  200 
 305.693  25.5  200 
 305.714  24.5  200 
 305.73  23.5  200 
 305.738  22.5  200 
 305.733  21.5  200 
 305.722  20.5  200 
 305.705  19.5  200 
 305.683  18.5  200 
 305.656  17.5  200 
 305.624  16.5  200 
 305.587  15.5  200 
 305.545  14.5  200 
 305.5  13.5455  200 
 305.498  13.5  200 
 305.446  12.5  200 
 305.389  11.5  200 
 305.327  10.5  200 
 305.26  9.5  200 
 305.188  8.5  200 
 305.111  7.5  200 
 305.03  6.5  200 
 304.942  5.5  200 
 304.851  4.5  200 
 304.754  3.5  200 
 304.653  2.5  200 
 304.546  1.5  200 
 304.5  1.09223  200 
 304.434  0.5  200 


# Contour 2, label:      190
 293.593  88.5  190 
 293.71  87.5  190 
 293.822  86.5  190 
 293.929  85.5  190 
 294.03  84.5  190 
 294.126  83.5  190 
 294.217  82.5  190 
 294.303  81.5  190 
 294.383  80.5  190 
 294.459  79.5  190 
 294.5  78.9154  190 
 294.529  78.5  190 
 294.595  77.5  190 
 294.654  76.5  190 
 294.709  75.5  190 
 294.759  74.5  190 
 294.803  73.5  190 
 294.842  72.5  190 
 294.875  71.5  190 
 294.904  70.5  190 
 294.927  69.5  190 
 294.944  68.5  190 
 294.957  67.5  190 
 294.963  66.5  190 
 294.953  65.5  190 
 294.938  64.5  190 
 294.916  63.5  190 
 294.888  62.5  190 
 294.856  61.5  190 
 294.818  60.5  190 
 294.774  59.5  190 
 294.725  58.5  190 
 294.672  57.5  190 
 294.613  56.5  190 
 294.549  55.5  190 
 294.5  54.8077  190 
 294.478  54.5  190 
 294.404  53.5  190 
 294.324  52.5  190 
 294.238  51.5  190 
 294.148  50.5  190 
 294.052  49.5  190 
 293.951  48.5  190 
 293.845  47.5  190 
 293.733  46.5  190 
 293.616  45.5  190 
 293.5  44.5531  190 
 293.493  44.5  190 
 293.5  44.4469  190 
 293.616  43.5  190 
 293.733  42.5  190 
 293.845  41.5  190 
 293.951  40.5  190 
 294.052  39.5  190 
 294.148  38.5  190 
 294.238  37.5  190 
 294.324  36.5  190 
 294.404  35.5  190 
 294.478  34.5  190 
 294.5  34.1923  190 
 294.549  33.5  190 
 294.613  32.5  190 
 294.672  31.5  190 
 294.725  30.5  190 
 294.774  29.5  190 
 294.818  28.5  190 
 294.856  27.5  190 
 294.888  26.5  190 
 294.916  25.5  190 
 294.938  24.5  190 
 294.953  23.5  190 
 294.963  22.5  190 
 294.957  21.5  190 
 294.944  20.5  190 
 294.927  19.5  190 
 294.904  18.5  190 
 294.875  17.5  190 
 294.842  16.5  190 
 294.803  15.5  190 
 294.759  14.5  190 
 294.709  13.5  190 
 294.654  12.5  190 
 294.595  11.5  190 
 294.529  10.5  190 
 294.5  10.0846  190 
 294.459  9.5  190 
 294.383  8.5  190 
 294.303  7.5  190 
 294.217  6.5  190 
 294.126  5.5  190 
 294.03  4.5  190 
 293.929  3.5  190 
 293.822  2.5  190 
 293.71  1.5  190 
 293.593  0.5  190 


# Contour 3, label:      180
 282.743  88.5  180 
 282.867  87.5  180 
 282.984  86.5  180 
 283.096  85.5  180 
 283.202  84.5  180 
 283.304  83.5  180 
 283.399  82.5  180 
 283.49  81.5  180 
 283.5  81.3846  180 
 283.575  80.5  180 
 283.654  79.5  180 
 283.728  78.5  180 
 283.797  77.5  180 
 283.86  76.5  180 
 283.917  75.5  180 
 283.969  74.5  180 
 284.016  73.5  180 
 284.057  72.5  180 
 284.092  71.5  180 
 284.122  70.5  180 
 284.147  69.5  180 
 284.165  68.5  180 
 284.178  67.5  180 
 284.185  66.5  180 
 284.175  65.5  180 
 284.158  64.5  180 
 284.135  63.5  180 
 284.107  62.5  180 
 284.072  61.5  180 
 284.033  60.5  180 
 283.987  59.5  180 
 283.936  58.5  180 
 283.879  57.5  180 
 283.817  56.5  180 
 283.749  55.5  180 
 283.676  54.5  180 
 283.597  53.5  180 
 283.513  52.5  180 
 283.5  52.3554  180 
 283.423  51.5  180 
 283.328  50.5  180 
 283.227  49.5  180 
 283.12  48.5  180 
 283.008  47.5  180 
 282.89  46.5  180 
 282.768  45.5  180 
 282.639  44.5  180 
 282.768  43.5  180 
 282.89  42.5  180 
 283.008  41.5  180 
 283.12  40.5  180 
 283.227  39.5  180 
 283.328  38.5  180 
 283.423  37.5  180 
 283.5  36.6446  180 
 283.513  36.5  180 
 283.597  35.5  180 
 283.676  34.5  180 
 283.749  33.5  180 
 283.817  32.5  180 
 283.879  31.5  180 
 283.936  30.5  180 
 283.987  29.5  180 
 284.033  28.5  180 
 284.072  27.5  180 
 284.107  26.5  180 
 284.135  25.5  180 
 284.158  24.5  180 
 284.175  23.5  180 
 284.185  22.5  180 
 284.178  21.5  180 
 284.165  20.5  180 
 284.147  19.5  180 
 284.122  18.5  180 
 284.092  17.5  180 
 284.057  16.5  180 
 284.016  15.5  180 
 283.969  14.5  180 
 283.917  13.5  180 
 283.86  12.5  180 
 283.797  11.5  180 
 283.728  10.5  180 
 283.654  9.5  180 
 283.575  8.5  180 
 283.5  7.61538  180 
 283.49  7.5  180 
 283.399  6.5  180 
 283.304  5.5  180 
 283.202  4.5  180 
 283.096  3.5  180 
 282.984  2.5  180 
 282.867  1.5  180 
 282.743  0.5  180 


# Contour 4, label:      170
 271.884  88.5  170 
 272.014  87.5  170 
 272.138  86.5  170 
 272.256  85.5  170 
 272.369  84.5  170 
 272.475  83.5  170 
 272.5  83.2527  170 
 272.576  82.5  170 
 272.671  81.5  170 
 272.761  80.5  170 
 272.845  79.5  170 
 272.923  78.5  170 
 272.995  77.5  170 
 273.062  76.5  170 
 273.122  75.5  170 
 273.177  74.5  170 
 273.226  73.5  170 
 273.269  72.5  170 
 273.307  71.5  170 
 273.338  70.5  170 
 273.363  69.5  170 
 273.383  68.5  170 
 273.397  67.5  170 
 273.404  66.5  170 
 273.393  65.5  170 
 273.376  64.5  170 
 273.352  63.5  170 
 273.322  62.5  170 
 273.285  61.5  170 
 273.243  60.5  170 
 273.196  59.5  170 
 273.141  58.5  170 
 273.082  57.5  170 
 273.016  56.5  170 
 272.945  55.5  170 
 272.868  54.5  170 
 272.784  53.5  170 
 272.696  52.5  170 
 272.601  51.5  170 
 272.5  50.5  170 
 272.394  49.5  170 
 272.281  48.5  170 
 272.163  47.5  170 
 272.039  46.5  170 
 271.909  45.5  170 
 271.773  44.5  170 
 271.909  43.5  170 
 272.039  42.5  170 
 272.163  41.5  170 
 272.281  40.5  170 
 272.394  39.5  170 
 272.5  38.5  170 
 272.601  37.5  170 
 272.696  36.5  170 
 272.784  35.5  170 
 272.868  34.5  170 
 272.945  33.5  170 
 273.016  32.5  170 
 273.082  31.5  170 
 273.141  30.5  170 
 273.196  29.5  170 
 273.243  28.5  170 
 273.285  27.5  170 
 273.322  26.5  170 
 273.352  25.5  170 
 273.376  24.5  170 
 273.393  23.5  170 
 273.404  22.5  170 
 273.397  21.5  170 
 273.383  20.5  170 
 273.363  19.5  170 
 273.338  18.5  170 
 273.307  17.5  170 
 273.269  16.5  170 
 273.226  15.5  170 
 273.177  14.5  170 
 273.122  13.5  170 
 273.062  12.5  170 
 272.995  11.5  170 
 272.923  10.5  170 
 272.845  9.5  170 
 272.761  8.5  170 
 272.671  7.5  170 
 272.576  6.5  170 
 272.5  5.74731  170 
 272.475  5.5  170 
 272.369  4.5  170 
 272.256  3.5  170 
 272.138  2.5  170 
 272.014  1.5  170 
 271.884  0.5  170 


# Contour 5, label:      160
 261.014  88.5  160 
 261.151  87.5  160 
 261.283  86.5  160 
 261.408  85.5  160 
 261.5  84.7202  160 
 261.526  84.5  160 
 261.64  83.5  160 
 261.746  82.5  160 
 261.847  81.5  160 
 261.942  80.5  160 
 262.03  79.5  160 
 262.112  78.5  160 
 262.189  77.5  160 
 262.258  76.5  160 
 262.323  75.5  160 
 262.38  74.5  160 
 262.432  73.5  160 
 262.477  72.5  160 
 262.5  71.9324  160 
 262.517  71.5  160 
 262.551  70.5  160 
 262.578  69.5  160 
 262.598  68.5  160 
 262.612  67.5  160 
 262.621  66.5  160 
 262.609  65.5  160 
 262.591  64.5  160 
 262.565  63.5  160 
 262.533  62.5  160 
 262.5  61.6143  160 
 262.496  61.5  160 
 262.45  60.5  160 
 262.4  59.5  160 
 262.343  58.5  160 
 262.28  57.5  160 
 262.21  56.5  160 
 262.135  55.5  160 
 262.053  54.5  160 
 261.964  53.5  160 
 261.871  52.5  160 
 261.77  51.5  160 
 261.664  50.5  160 
 261.551  49.5  160 
 261.5  49.0727  160 
 261.432  48.5  160 
 261.306  47.5  160 
 261.175  46.5  160 
 261.036  45.5  160 
 260.893  44.5  160 
 261.036  43.5  160 
 261.175  42.5  160 
 261.306  41.5  160 
 261.432  40.5  160 
 261.5  39.9273  160 
 261.551  39.5  160 
 261.664  38.5  160 
 261.77  37.5  160 
 261.871  36.5  160 
 261.964  35.5  160 
 262.053  34.5  160 
 262.135  33.5  160 
 262.21  32.5  160 
 262.28  31.5  160 
 262.343  30.5  160 
 262.4  29.5  160 
 262.45  28.5  160 
 262.496  27.5  160 
 262.5  27.3857  160 
 262.533  26.5  160 
 262.565  25.5  160 
 262.591  24.5  160 
 262.609  23.5  160 
 262.621  22.5  160 
 262.612  21.5  160 
 262.598  20.5  160 
 262.578  19.5  160 
 262.551  18.5  160 
 262.517  17.5  160 
 262.5  17.0676  160 
 262.477  16.5  160 
 262.432  15.5  160 
 262.38  14.5  160 
 262.323  13.5  160 
 262.258  12.5  160 
 262.189  11.5  160 
 262.112  10.5  160 
 262.03  9.5  160 
 261.942  8.5  160 
 261.847  7.5  160 
 261.746  6.5  160 
 261.64  5.5  160 
 261.526  4.5  160 
 261.5  4.27982  160 
 261.408  3.5  160 
 261.283  2.5  160 
 261.151  1.5  160 
 261.014  0.5  160 


# Contour 6, label:      150
 250.133  88.5  150 
 250.278  87.5  150 
 250.417  86.5  150 
 250.5  85.877  150 
 250.55  85.5  150 
 250.676  84.5  150 
 250.796  83.5  150 
 250.909  82.5  150 
 251.016  81.5  150 
 251.115  80.5  150 
 251.209  79.5  150 
 251.297  78.5  150 
 251.377  77.5  150 
 251.451  76.5  150 
 251.5  75.7857  150 
 251.519  75.5  150 
 251.581  74.5  150 
 251.635  73.5  150 
 251.684  72.5  150 
 251.725  71.5  150 
 251.76  70.5  150 
 251.789  69.5  150 
 251.811  68.5  150 
 251.826  67.5  150 
 251.834  66.5  150 
 251.823  65.5  150 
 251.802  64.5  150 
 251.775  63.5  150 
 251.742  62.5  150 
 251.701  61.5  150 
 251.654  60.5  150 
 251.6  59.5  150 
 251.54  58.5  150 
 251.5  57.9032  150 
 251.473  57.5  150 
 251.398  56.5  150 
 251.318  55.5  150 
 251.232  54.5  150 
 251.138  53.5  150 
 251.037  52.5  150 
 250.931  51.5  150 
 250.817  50.5  150 
 250.698  49.5  150 
 250.571  48.5  150 
 250.5  47.9715  150 
 250.437  47.5  150 
 250.297  46.5  150 
 250.15  45.5  150 
 249.997  44.5  150 
 250.15  43.5  150 
 250.297  42.5  150 
 250.437  41.5  150 
 250.5  41.0285  150 
 250.571  40.5  150 
 250.698  39.5  150 
 250.817  38.5  150 
 250.931  37.5  150 
 251.037  36.5  150 
 251.138  35.5  150 
 251.232  34.5  150 
 251.318  33.5  150 
 251.398  32.5  150 
 251.473  31.5  150 
 251.5  31.0968  150 
 251.54  30.5  150 
 251.6  29.5  150 
 251.654  28.5  150 
 251.701  27.5  150 
 251.742  26.5  150 
 251.775  25.5  150 
 251.802  24.5  150 
 251.823  23.5  150 
 251.834  22.5  150 
 251.826  21.5  150 
 251.811  20.5  150 
 251.789  19.5  150 
 251.76  18.5  150 
 251.725  17.5  150 
 251.684  16.5  150 
 251.635  15.5  150 
 251.581  14.5  150 
 251.519  13.5  150 
 251.5  13.2143  150 
 251.451  12.5  150 
 251.377  11.5  150 
 251.297  10.5  150 
 251.209  9.5  150 
 251.115  8.5  150 
 251.016  7.5  150 
 250.909  6.5  150 
 250.796  5.5  150 
 250.676  4.5  150 
 250.55  3.5  150 
 250.5  3.12295  150 
 250.417  2.5  150 
 250.278  1.5  150 
 250.133  0.5  150 


# Contour 7, label:      140
 239.237  88.5  140 
 239.392  87.5  140 
 239.5  86.7721  140 
 239.54  86.5  140 
 239.682  85.5  140 
 239.815  84.5  140 
 239.943  83.5  140 
 240.063  82.5  140 
 240.177  81.5  140 
 240.283  80.5  140 
 240.382  79.5  140 
 240.475  78.5  140 
 240.5  78.2089  140 
 240.561  77.5  140 
 240.64  76.5  140 
 240.712  75.5  140 
 240.777  74.5  140 
 240.835  73.5  140 
 240.887  72.5  140 
 240.93  71.5  140 
 240.968  70.5  140 
 240.998  69.5  140 
 241.021  68.5  140 
 241.036  67.5  140 
 241.045  66.5  140 
 241.032  65.5  140 
 241.011  64.5  140 
 240.983  63.5  140 
 240.947  62.5  140 
 240.903  61.5  140 
 240.853  60.5  140 
 240.796  59.5  140 
 240.731  58.5  140 
 240.659  57.5  140 
 240.581  56.5  140 
 240.5  55.5625  140 
 240.495  55.5  140 
 240.402  54.5  140 
 240.302  53.5  140 
 240.195  52.5  140 
 240.081  51.5  140 
 239.96  50.5  140 
 239.832  49.5  140 
 239.697  48.5  140 
 239.554  47.5  140 
 239.5  47.1377  140 
 239.404  46.5  140 
 239.248  45.5  140 
 239.084  44.5  140 
 239.248  43.5  140 
 239.404  42.5  140 
 239.5  41.8623  140 
 239.554  41.5  140 
 239.697  40.5  140 
 239.832  39.5  140 
 239.96  38.5  140 
 240.081  37.5  140 
 240.195  36.5  140 
 240.302  35.5  140 
 240.402  34.5  140 
 240.495  33.5  140 
 240.5  33.4375  140 
 240.581  32.5  140 
 240.659  31.5  140 
 240.731  30.5  140 
 240.796  29.5  140 
 240.853  28.5  140 
 240.903  27.5  140 
 240.947  26.5  140 
 240.983  25.5  140 
 241.011  24.5  140 
 241.032  23.5  140 
 241.045  22.5  140 
 241.036  21.5  140 
 241.021  20.5  140 
 240.998  19.5  140 
 240.968  18.5  140 
 240.93  17.5  140 
 240.887  16.5  140 
 240.835  15.5  140 
 240.777  14.5  140 
 240.712  13.5  140 
 240.64  12.5  140 
 240.561  11.5  140 
 240.5  10.7911  140 
 240.475  10.5  140 
 240.382  9.5  140 
 240.283  8.5  140 
 240.177  7.5  140 
 240.063  6.5  140 
 239.943  5.5  140 
 239.815  4.5  140 
 239.682  3.5  140 
 239.54  2.5  140 
 239.5  2.22794  140 
 239.392  1.5  140 
 239.237  0.5  140 


# Contour 8, label:      130
 228.324  88.5  130 
 228.49  87.5  130 
 228.5  87.4379  130 
 228.648  86.5  130 
 228.799  85.5  130 
 228.942  84.5  130 
 229.078  83.5  130 
 229.207  82.5  130 
 229.328  81.5  130 
 229.441  80.5  130 
 229.5  79.949  130 
 229.548  79.5  130 
 229.646  78.5  130 
 229.738  77.5  130 
 229.823  76.5  130 
 229.899  75.5  130 
 229.968  74.5  130 
 230.03  73.5  130 
 230.084  72.5  130 
 230.131  71.5  130 
 230.171  70.5  130 
 230.202  69.5  130 
 230.227  68.5  130 
 230.243  67.5  130 
 230.252  66.5  130 
 230.238  65.5  130 
 230.215  64.5  130 
 230.185  63.5  130 
 230.146  62.5  130 
 230.1  61.5  130 
 230.046  60.5  130 
 229.985  59.5  130 
 229.916  58.5  130 
 229.839  57.5  130 
 229.755  56.5  130 
 229.663  55.5  130 
 229.563  54.5  130 
 229.5  53.9141  130 
 229.456  53.5  130 
 229.341  52.5  130 
 229.218  51.5  130 
 229.089  50.5  130 
 228.951  49.5  130 
 228.806  48.5  130 
 228.653  47.5  130 
 228.5  46.5476  130 
 228.492  46.5  130 
 228.324  45.5  130 
 228.148  44.5  130 
 228.324  43.5  130 
 228.492  42.5  130 
 228.5  42.4524  130 
 228.653  41.5  130 
 228.806  40.5  130 
 228.951  39.5  130 
 229.089  38.5  130 
 229.218  37.5  130 
 229.341  36.5  130 
 229.456  35.5  130 
 229.5  35.0859  130 
 229.563  34.5  130 
 229.663  33.5  130 
 229.755  32.5  130 
 229.839  31.5  130 
 229.916  30.5  130 
 229.985  29.5  130 
 230.046  28.5  130 
 230.1  27.5  130 
 230.146  26.5  130 
 230.185  25.5  130 
 230.215  24.5  130 
 230.238  23.5  130 
 230.252  22.5  130 
 230.243  21.5  130 
 230.227  20.5  130 
 230.202  19.5  130 
 230.171  18.5  130 
 230.131  17.5  130 
 230.084  16.5  130 
 230.03  15.5  130 
 229.968  14.5  130 
 229.899  13.5  130 
 229.823  12.5  130 
 229.738  11.5  130 
 229.646  10.5  130 
 229.548  9.5  130 
 229.5  9.05102  130 
 229.441  8.5  130 
 229.328  7.5  130 
 229.207  6.5  130 
 229.078  5.5  130 
 228.942  4.5  130 
 228.799  3.5  130 
 228.648  2.5  130 
 228.5  1.56207  130 
 228.49  1.5  130 
 228.324  0.5  130 


# Contour 9, label:      120
 217.39  88.5  120 
 217.5  87.8865  120 
 217.569  87.5  120 
 217.739  86.5  120 
 217.901  85.5  120 
 218.055  84.5  120 
 218.201  83.5  120 
 218.339  82.5  120 
 218.469  81.5  120 
 218.5  81.2434  120 
 218.591  80.5  120 
 218.705  79.5  120 
 218.811  78.5  120 
 218.908  77.5  120 
 218.999  76.5  120 
 219.081  75.5  120 
 219.155  74.5  120 
 219.221  73.5  120 
 219.279  72.5  120 
 219.329  71.5  120 
 219.37  70.5  120 
 219.405  69.5  120 
 219.43  68.5  120 
 219.447  67.5  120 
 219.456  66.5  120 
 219.441  65.5  120 
 219.416  64.5  120 
 219.383  63.5  120 
 219.342  62.5  120 
 219.292  61.5  120 
 219.234  60.5  120 
 219.168  59.5  120 
 219.094  58.5  120 
 219.011  57.5  120 
 218.92  56.5  120 
 218.821  55.5  120 
 218.714  54.5  120 
 218.598  53.5  120 
 218.5  52.7105  120 
 218.474  52.5  120 
 218.342  51.5  120 
 218.202  50.5  120 
 218.053  49.5  120 
 217.896  48.5  120 
 217.732  47.5  120 
 217.558  46.5  120 
 217.5  46.1807  120 
 217.376  45.5  120 
 217.186  44.5  120 
 217.376  43.5  120 
 217.5  42.8193  120 
 217.558  42.5  120 
 217.732  41.5  120 
 217.896  40.5  120 
 218.053  39.5  120 
 218.202  38.5  120 
 218.342  37.5  120 
 218.474  36.5  120 
 218.5  36.2895  120 
 218.598  35.5  120 
 218.714  34.5  120 
 218.821  33.5  120 
 218.92  32.5  120 
 219.011  31.5  120 
 219.094  30.5  120 
 219.168  29.5  120 
 219.234  28.5  120 
 219.292  27.5  120 
 219.342  26.5  120 
 219.383  25.5  120 
 219.416  24.5  120 
 219.441  23.5  120 
 219.456  22.5  120 
 219.447  21.5  120 
 219.43  20.5  120 
 219.405  19.5  120 
 219.37  18.5  120 
 219.329  17.5  120 
 219.279  16.5  120 
 219.221  15.5  120 
 219.155  14.5  120 
 219.081  13.5  120 
 218.999  12.5  120 
 218.908  11.5  120 
 218.811  10.5  120 
 218.705  9.5  120 
 218.591  8.5  120 
 218.5  7.75664  120 
 218.469  7.5  120 
 218.339  6.5  120 
 218.201  5.5  120 
 218.055  4.5  120 
 217.901  3.5  120 
 217.739  2.5  120 
 217.569  1.5  120 
 217.5  1.1135  120 
 217.39  0.5  120 


# Contour 10, label:      110
 206.624  1.5  110 
 206.5  0.861582  110 
 206.43  0.5  110 

# Contour 11, label: 
 206.43  88.5  110 
 206.5  88.1384  110 
 206.624  87.5  110 
 206.807  86.5  110 
 206.983  85.5  110 
 207.15  84.5  110 
 207.308  83.5  110 
 207.456  82.5  110 
 207.5  82.1899  110 
 207.597  81.5  110 
 207.728  80.5  110 
 207.852  79.5  110 
 207.966  78.5  110 
 208.072  77.5  110 
 208.168  76.5  110 
 208.256  75.5  110 
 208.335  74.5  110 
 208.407  73.5  110 
 208.469  72.5  110 
 208.5  71.92  110 
 208.523  71.5  110 
 208.567  70.5  110 
 208.603  69.5  110 
 208.63  68.5  110 
 208.647  67.5  110 
 208.655  66.5  110 
 208.638  65.5  110 
 208.612  64.5  110 
 208.577  63.5  110 
 208.532  62.5  110 
 208.5  61.9  110 
 208.478  61.5  110 
 208.416  60.5  110 
 208.344  59.5  110 
 208.263  58.5  110 
 208.174  57.5  110 
 208.075  56.5  110 
 207.967  55.5  110 
 207.85  54.5  110 
 207.725  53.5  110 
 207.59  52.5  110 
 207.5  51.8664  110 
 207.448  51.5  110 
 207.295  50.5  110 
 207.134  49.5  110 
 206.963  48.5  110 
 206.784  47.5  110 
 206.595  46.5  110 
 206.5  46.0167  110 
 206.398  45.5  110 
 206.192  44.5  110 
 206.398  43.5  110 
 206.5  42.9833  110 
 206.595  42.5  110 
 206.784  41.5  110 
 206.963  40.5  110 
 207.134  39.5  110 
 207.295  38.5  110 
 207.448  37.5  110 
 207.5  37.1336  110 
 207.59  36.5  110 
 207.725  35.5  110 
 207.85  34.5  110 
 207.967  33.5  110 
 208.075  32.5  110 
 208.174  31.5  110 
 208.263  30.5  110 
 208.344  29.5  110 
 208.416  28.5  110 
 208.478  27.5  110 
 208.5  27.1  110 
 208.532  26.5  110 
 208.577  25.5  110 
 208.612  24.5  110 
 208.638  23.5  110 
 208.655  22.5  110 
 208.647  21.5  110 
 208.63  20.5  110 
 208.603  19.5  110 
 208.567  18.5  110 
 208.523  17.5  110 
 208.5  17.08  110 
 208.469  16.5  110 
 208.407  15.5  110 
 208.335  14.5  110 
 208.256  13.5  110 
 208.168  12.5  110 
 208.072  11.5  110 
 207.966  10.5  110 
 207.852  9.5  110 
 207.728  8.5  110 
 207.597  7.5  110 
 207.5  6.81008  110 
 207.456  6.5  110 
 207.308  5.5  110 
 207.15  4.5  110 
 206.983  3.5  110 
 206.807  2.5  110 
 206.624  1.5  110 


# Contour 12, label:      100
 195.647  1.5  100 
 195.5  0.802556  100 
 195.436  0.5  100 

# Contour 13, label: 
 195.436  88.5  100 
 195.5  88.1974  100 
 195.647  87.5  100 
 195.848  86.5  100 
 196.04  85.5  100 
 196.221  84.5  100 
 196.393  83.5  100 
 196.5  82.8423  100 
 196.556  82.5  100 
 196.708  81.5  100 
 196.851  80.5  100 
 196.985  79.5  100 
 197.109  78.5  100 
 197.223  77.5  100 
 197.329  76.5  100 
 197.424  75.5  100 
 197.5  74.6184  100 
 197.51  74.5  100 
 197.587  73.5  100 
 197.654  72.5  100 
 197.711  71.5  100 
 197.759  70.5  100 
 197.797  69.5  100 
 197.826  68.5  100 
 197.844  67.5  100 
 197.849  66.5  100 
 197.832  65.5  100 
 197.803  64.5  100 
 197.765  63.5  100 
 197.716  62.5  100 
 197.657  61.5  100 
 197.588  60.5  100 
 197.51  59.5  100 
 197.5  59.3867  100 
 197.422  58.5  100 
 197.324  57.5  100 
 197.215  56.5  100 
 197.098  55.5  100 
 196.971  54.5  100 
 196.834  53.5  100 
 196.687  52.5  100 
 196.53  51.5  100 
 196.5  51.3218  100 
 196.363  50.5  100 
 196.186  49.5  100 
 196  48.5  100 
 195.803  47.5  100 
 195.597  46.5  100 
 195.5  46.051  100 
 195.381  45.5  100 
 195.154  44.5  100 
 195.381  43.5  100 
 195.5  42.949  100 
 195.597  42.5  100 
 195.803  41.5  100 
 196  40.5  100 
 196.186  39.5  100 
 196.363  38.5  100 
 196.5  37.6782  100 
 196.53  37.5  100 
 196.687  36.5  100 
 196.834  35.5  100 
 196.971  34.5  100 
 197.098  33.5  100 
 197.215  32.5  100 
 197.324  31.5  100 
 197.422  30.5  100 
 197.5  29.6133  100 
 197.51  29.5  100 
 197.588  28.5  100 
 197.657  27.5  100 
 197.716  26.5  100 
 197.765  25.5  100 
 197.803  24.5  100 
 197.832  23.5  100 
 197.849  22.5  100 
 197.844  21.5  100 
 197.826  20.5  100 
 197.797  19.5  100 
 197.759  18.5  100 
 197.711  17.5  100 
 197.654  16.5  100 
 197.587  15.5  100 
 197.51  14.5  100 
 197.5  14.3816  100 
 197.424  13.5  100 
 197.329  12.5  100 
 197.223  11.5  100 
 197.109  10.5  100 
 196.985  9.5  100 
 196.851  8.5  100 
 196.708  7.5  100 
 196.556  6.5  100 
 196.5  6.15772  100 
 196.393  5.5  100 
 196.221  4.5  100 
 196.04  3.5  100 
 195.848  2.5  100 
 195.647  1.5  100 


# Contour 14, label:       90
 184.629  1.5  90 
 184.5  0.945869  90 
 184.396  0.5  90 

# Contour 15, label: 
 184.396  88.5  90 
 184.5  88.0541  90 
 184.629  87.5  90 
 184.851  86.5  90 
 185.062  85.5  90 
 185.262  84.5  90 
 185.451  83.5  90 
 185.5  83.2252  90 
 185.629  82.5  90 
 185.797  81.5  90 
 185.954  80.5  90 
 186.101  79.5  90 
 186.237  78.5  90 
 186.362  77.5  90 
 186.477  76.5  90 
 186.5  76.2796  90 
 186.581  75.5  90 
 186.675  74.5  90 
 186.759  73.5  90 
 186.832  72.5  90 
 186.894  71.5  90 
 186.946  70.5  90 
 186.987  69.5  90 
 187.017  68.5  90 
 187.036  67.5  90 
 187.038  66.5  90 
 187.019  65.5  90 
 186.987  64.5  90 
 186.945  63.5  90 
 186.891  62.5  90 
 186.826  61.5  90 
 186.75  60.5  90 
 186.664  59.5  90 
 186.567  58.5  90 
 186.5  57.8839  90 
 186.458  57.5  90 
 186.34  56.5  90 
 186.21  55.5  90 
 186.069  54.5  90 
 185.918  53.5  90 
 185.755  52.5  90 
 185.582  51.5  90 
 185.5  51.0524  90 
 185.398  50.5  90 
 185.203  49.5  90 
 184.997  48.5  90 
 184.78  47.5  90 
 184.551  46.5  90 
 184.5  46.2845  90 
 184.312  45.5  90 
 184.061  44.5  90 
 184.312  43.5  90 
 184.5  42.7155  90 
 184.551  42.5  90 
 184.78  41.5  90 
 184.997  40.5  90 
 185.203  39.5  90 
 185.398  38.5  90 
 185.5  37.9476  90 
 185.582  37.5  90 
 185.755  36.5  90 
 185.918  35.5  90 
 186.069  34.5  90 
 186.21  33.5  90 
 186.34  32.5  90 
 186.458  31.5  90 
 186.5  31.1161  90 
 186.567  30.5  90 
 186.664  29.5  90 
 186.75  28.5  90 
 186.826  27.5  90 
 186.891  26.5  90 
 186.945  25.5  90 
 186.987  24.5  90 
 187.019  23.5  90 
 187.038  22.5  90 
 187.036  21.5  90 
 187.017  20.5  90 
 186.987  19.5  90 
 186.946  18.5  90 
 186.894  17.5  90 
 186.832  16.5  90 
 186.759  15.5  90 
 186.675  14.5  90 
 186.581  13.5  90 
 186.5  12.7204  90 
 186.477  12.5  90 
 186.362  11.5  90 
 186.237  10.5  90 
 186.101  9.5  90 
 185.954  8.5  90 
 185.797  7.5  90 
 185.629  6.5  90 
 185.5  5.77485  90 
 185.451  5.5  90 
 185.262  4.5  90 
 185.062  3.5  90 
 184.851  2.5  90 
 184.629  1.5  90 


# Contour 16, label:       80
 173.554  1.5  80 
 173.5  1.29024  80 
 173.294  0.5  80 

# Contour 17, label: 
 173.294  88.5  80 
 173.5  87.7098  80 
 173.554  87.5  80 
 173.802  86.5  80 
 174.037  85.5  80 
 174.26  84.5  80 
 174.471  83.5  80 
 174.5  83.3529  80 
 174.669  82.5  80 
 174.856  81.5  80 
 175.03  80.5  80 
 175.193  79.5  80 
 175.344  78.5  80 
 175.482  77.5  80 
 175.5  77.3622  80 
 175.61  76.5  80 
 175.725  75.5  80 
 175.828  74.5  80 
 175.92  73.5  80 
 176  72.5  80 
 176.069  71.5  80 
 176.126  70.5  80 
 176.17  69.5  80 
 176.203  68.5  80 
 176.223  67.5  80 
 176.22  66.5  80 
 176.199  65.5  80 
 176.164  64.5  80 
 176.116  63.5  80 
 176.056  62.5  80 
 175.984  61.5  80 
 175.9  60.5  80 
 175.804  59.5  80 
 175.695  58.5  80 
 175.575  57.5  80 
 175.5  56.9371  80 
 175.442  56.5  80 
 175.297  55.5  80 
 175.14  54.5  80 
 174.971  53.5  80 
 174.79  52.5  80 
 174.597  51.5  80 
 174.5  51.0289  80 
 174.391  50.5  80 
 174.173  49.5  80 
 173.943  48.5  80 
 173.7  47.5  80 
 173.5  46.7177  80 
 173.444  46.5  80 
 173.176  45.5  80 
 172.895  44.5  80 
 173.176  43.5  80 
 173.444  42.5  80 
 173.5  42.2823  80 
 173.7  41.5  80 
 173.943  40.5  80 
 174.173  39.5  80 
 174.391  38.5  80 
 174.5  37.9711  80 
 174.597  37.5  80 
 174.79  36.5  80 
 174.971  35.5  80 
 175.14  34.5  80 
 175.297  33.5  80 
 175.442  32.5  80 
 175.5  32.0629  80 
 175.575  31.5  80 
 175.695  30.5  80 
 175.804  29.5  80 
 175.9  28.5  80 
 175.984  27.5  80 
 176.056  26.5  80 
 176.116  25.5  80 
 176.164  24.5  80 
 176.199  23.5  80 
 176.22  22.5  80 
 176.223  21.5  80 
 176.203  20.5  80 
 176.17  19.5  80 
 176.126  18.5  80 
 176.069  17.5  80 
 176  16.5  80 
 175.92  15.5  80 
 175.828  14.5  80 
 175.725  13.5  80 
 175.61  12.5  80 
 175.5  11.6378  80 
 175.482  11.5  80 
 175.344  10.5  80 
 175.193  9.5  80 
 175.03  8.5  80 
 174.856  7.5  80 
 174.669  6.5  80 
 174.5  5.64712  80 
 174.471  5.5  80 
 174.26  4.5  80 
 174.037  3.5  80 
 173.802  2.5  80 
 173.554  1.5  80 


# Contour 18, label:       70
 162.5  1.84064  70 
 162.404  1.5  70 
 162.109  0.5  70 

# Contour 19, label: 
 162.109  88.5  70 
 162.404  87.5  70 
 162.5  87.1594  70 
 162.685  86.5  70 
 162.951  85.5  70 
 163.203  84.5  70 
 163.441  83.5  70 
 163.5  83.2376  70 
 163.665  82.5  70 
 163.875  81.5  70 
 164.072  80.5  70 
 164.255  79.5  70 
 164.425  78.5  70 
 164.5  78.0172  70 
 164.581  77.5  70 
 164.723  76.5  70 
 164.852  75.5  70 
 164.968  74.5  70 
 165.07  73.5  70 
 165.16  72.5  70 
 165.236  71.5  70 
 165.298  70.5  70 
 165.347  69.5  70 
 165.383  68.5  70 
 165.405  67.5  70 
 165.397  66.5  70 
 165.372  65.5  70 
 165.333  64.5  70 
 165.279  63.5  70 
 165.211  62.5  70 
 165.129  61.5  70 
 165.034  60.5  70 
 164.925  59.5  70 
 164.803  58.5  70 
 164.666  57.5  70 
 164.517  56.5  70 
 164.5  56.3989  70 
 164.353  55.5  70 
 164.175  54.5  70 
 163.984  53.5  70 
 163.779  52.5  70 
 163.56  51.5  70 
 163.5  51.2426  70 
 163.327  50.5  70 
 163.079  49.5  70 
 162.818  48.5  70 
 162.542  47.5  70 
 162.5  47.3532  70 
 162.252  46.5  70 
 161.948  45.5  70 
 161.629  44.5  70 
 161.948  43.5  70 
 162.252  42.5  70 
 162.5  41.6468  70 
 162.542  41.5  70 
 162.818  40.5  70 
 163.079  39.5  70 
 163.327  38.5  70 
 163.5  37.7574  70 
 163.56  37.5  70 
 163.779  36.5  70 
 163.984  35.5  70 
 164.175  34.5  70 
 164.353  33.5  70 
 164.5  32.6011  70 
 164.517  32.5  70 
 164.666  31.5  70 
 164.803  30.5  70 
 164.925  29.5  70 
 165.034  28.5  70 
 165.129  27.5  70 
 165.211  26.5  70 
 165.279  25.5  70 
 165.333  24.5  70 
 165.372  23.5  70 
 165.397  22.5  70 
 165.405  21.5  70 
 165.383  20.5  70 
 165.347  19.5  70 
 165.298  18.5  70 
 165.236  17.5  70 
 165.16  16.5  70 
 165.07  15.5  70 
 164.968  14.5  70 
 164.852  13.5  70 
 164.723  12.5  70 
 164.581  11.5  70 
 164.5  10.9828  70 
 164.425  10.5  70 
 164.255  9.5  70 
 164.072  8.5  70 
 163.875  7.5  70 
 163.665  6.5  70 
 163.5  5.76243  70 
 163.441  5.5  70 
 163.203  4.5  70 
 162.951  3.5  70 
 162.685  2.5  70 
 162.5  1.84064  70 


# Contour 20, label:       60
 152.596  6.5  60 
 152.5  6.12851  60 
 152.338  5.5  60 
 152.064  4.5  60 
 151.773  3.5  60 
 151.5  2.61054  60 
 151.466  2.5  60 
 151.142  1.5  60 
 150.801  0.5  60 

# Contour 21, label: 
 150.801  88.5  60 
 151.142  87.5  60 
 151.466  86.5  60 
 151.5  86.3895  60 
 151.773  85.5  60 
 152.064  84.5  60 
 152.338  83.5  60 
 152.5  82.8715  60 
 152.596  82.5  60 
 152.837  81.5  60 
 153.063  80.5  60 
 153.272  79.5  60 
 153.466  78.5  60 
 153.5  78.3124  60 
 153.645  77.5  60 
 153.807  76.5  60 
 153.954  75.5  60 
 154.086  74.5  60 
 154.202  73.5  60 
 154.303  72.5  60 
 154.389  71.5  60 
 154.459  70.5  60 
 154.5  69.7495  60 
 154.514  69.5  60 
 154.553  68.5  60 
 154.576  67.5  60 
 154.565  66.5  60 
 154.536  65.5  60 
 154.5  64.7282  60 
 154.489  64.5  60 
 154.427  63.5  60 
 154.349  62.5  60 
 154.256  61.5  60 
 154.146  60.5  60 
 154.021  59.5  60 
 153.88  58.5  60 
 153.723  57.5  60 
 153.551  56.5  60 
 153.5  56.2292  60 
 153.363  55.5  60 
 153.158  54.5  60 
 152.938  53.5  60 
 152.702  52.5  60 
 152.5  51.7013  60 
 152.449  51.5  60 
 152.18  50.5  60 
 151.895  49.5  60 
 151.593  48.5  60 
 151.5  48.2087  60 
 151.274  47.5  60 
 150.938  46.5  60 
 150.585  45.5  60 
 150.5  45.2693  60 
 150.215  44.5  60 
 150.5  43.7307  60 
 150.585  43.5  60 
 150.938  42.5  60 
 151.274  41.5  60 
 151.5  40.7913  60 
 151.593  40.5  60 
 151.895  39.5  60 
 152.18  38.5  60 
 152.449  37.5  60 
 152.5  37.2987  60 
 152.702  36.5  60 
 152.938  35.5  60 
 153.158  34.5  60 
 153.363  33.5  60 
 153.5  32.7708  60 
 153.551  32.5  60 
 153.723  31.5  60 
 153.88  30.5  60 
 154.021  29.5  60 
 154.146  28.5  60 
 154.256  27.5  60 
 154.349  26.5  60 
 154.427  25.5  60 
 154.489  24.5  60 
 154.5  24.2718  60 
 154.536  23.5  60 
 154.565  22.5  60 
 154.576  21.5  60 
 154.553  20.5  60 
 154.514  19.5  60 
 154.5  19.2505  60 
 154.459  18.5  60 
 154.389  17.5  60 
 154.303  16.5  60 
 154.202  15.5  60 
 154.086  14.5  60 
 153.954  13.5  60 
 153.807  12.5  60 
 153.645  11.5  60 
 153.5  10.6876  60 
 153.466  10.5  60 
 153.272  9.5  60 
 153.063  8.5  60 
 152.837  7.5  60 
 152.596  6.5  60 


# Contour 22, label:       50
 0.5  5.27392  50 
 0.958019  4.5  50 
 1.5  3.61914  50 
 1.57439  3.5  50 
 2.21959  2.5  50 
 2.5  2.07989  50 
 2.89326  1.5  50 
 3.5  0.6346  50 
 3.59595  0.5  50 

# Contour 23, label: 
 141.713  7.5  50 
 141.5  6.74951  50 
 141.429  6.5  50 
 141.125  5.5  50 
 140.801  4.5  50 
 140.5  3.62264  50 
 140.458  3.5  50 
 140.093  2.5  50 
 139.709  1.5  50 
 139.5  0.982857  50 
 139.303  0.5  50 

# Contour 24, label: 
 139.303  88.5  50 
 139.5  88.0171  50 
 139.709  87.5  50 
 140.093  86.5  50 
 140.458  85.5  50 
 140.5  85.3774  50 
 140.801  84.5  50 
 141.125  83.5  50 
 141.429  82.5  50 
 141.5  82.2505  50 
 141.713  81.5  50 
 141.978  80.5  50 
 142.225  79.5  50 
 142.452  78.5  50 
 142.5  78.2706  50 
 142.661  77.5  50 
 142.851  76.5  50 
 143.022  75.5  50 
 143.176  74.5  50 
 143.31  73.5  50 
 143.427  72.5  50 
 143.5  71.7608  50 
 143.526  71.5  50 
 143.606  70.5  50 
 143.668  69.5  50 
 143.712  68.5  50 
 143.737  67.5  50 
 143.721  66.5  50 
 143.686  65.5  50 
 143.631  64.5  50 
 143.558  63.5  50 
 143.5  62.8709  50 
 143.466  62.5  50 
 143.356  61.5  50 
 143.227  60.5  50 
 143.08  59.5  50 
 142.914  58.5  50 
 142.73  57.5  50 
 142.527  56.5  50 
 142.5  56.3799  50 
 142.305  55.5  50 
 142.064  54.5  50 
 141.804  53.5  50 
 141.525  52.5  50 
 141.5  52.4157  50 
 141.226  51.5  50 
 140.908  50.5  50 
 140.57  49.5  50 
 140.5  49.3028  50 
 140.212  48.5  50 
 139.833  47.5  50 
 139.5  46.6635  50 
 139.434  46.5  50 
 139.014  45.5  50 
 138.572  44.5  50 
 139.014  43.5  50 
 139.434  42.5  50 
 139.5  42.3365  50 
 139.833  41.5  50 
 140.212  40.5  50 
 140.5  39.6972  50 
 140.57  39.5  50 
 140.908  38.5  50 
 141.226  37.5  50 
 141.5  36.5843  50 
 141.525  36.5  50 
 141.804  35.5  50 
 142.064  34.5  50 
 142.305  33.5  50 
 142.5  32.6201  50 
 142.527  32.5  50 
 142.73  31.5  50 
 142.914  30.5  50 
 143.08  29.5  50 
 143.227  28.5  50 
 143.356  27.5  50 
 143.466  26.5  50 
 143.5  26.1291  50 
 143.558  25.5  50 
 143.631  24.5  50 
 143.686  23.5  50 
 143.721  22.5  50 
 143.737  21.5  50 
 143.712  20.5  50 
 143.668  19.5  50 
 143.606  18.5  50 
 143.526  17.5  50 
 143.5  17.2392  50 
 143.427  16.5  50 
 143.31  15.5  50 
 143.176  14.5  50 
 143.022  13.5  50 
 142.851  12.5  50 
 142.661  11.5  50 
 142.5  10.7294  50 
 142.452  10.5  50 
 142.225  9.5  50 
 141.978  8.5  50 
 141.713  7.5  50 

# Contour 25, label: 
 3.59595  88.5  50 
 3.5  88.3654  50 
 2.89326  87.5  50 
 2.5  86.9201  50 
 2.21959  86.5  50 
 1.57439  85.5  50 
 1.5  85.3809  50 
 0.958019  84.5  50 
 0.5  83.7261  50 


# Contour 26, label:       40
 131.345  10.5  40 
 131.069  9.5  40 
 130.77  8.5  40 
 130.5  7.66048  40 
 130.448  7.5  40 
 130.101  6.5  40 
 129.73  5.5  40 
 129.5  4.91849  40 
 129.333  4.5  40 
 128.911  3.5  40 
 128.5  2.58161  40 
 128.463  2.5  40 
 127.988  1.5  40 
 127.5  0.529209  40 
 127.485  0.5  40 

# Contour 27, label: 
 127.485  88.5  40 
 127.5  88.4708  40 
 127.988  87.5  40 
 128.463  86.5  40 
 128.5  86.4184  40 
 128.911  85.5  40 
 129.333  84.5  40 
 129.5  84.0815  40 
 129.73  83.5  40 
 130.101  82.5  40 
 130.448  81.5  40 
 130.5  81.3395  40 
 130.77  80.5  40 
 131.069  79.5  40 
 131.345  78.5  40 
 131.5  77.8881  40 
 131.598  77.5  40 
 131.827  76.5  40 
 132.034  75.5  40 
 132.219  74.5  40 
 132.381  73.5  40 
 132.5  72.6444  40 
 132.52  72.5  40 
 132.637  71.5  40 
 132.732  70.5  40 
 132.804  69.5  40 
 132.854  68.5  40 
 132.881  67.5  40 
 132.86  66.5  40 
 132.816  65.5  40 
 132.749  64.5  40 
 132.66  63.5  40 
 132.549  62.5  40 
 132.5  62.1336  40 
 132.415  61.5  40 
 132.259  60.5  40 
 132.08  59.5  40 
 131.879  58.5  40 
 131.656  57.5  40 
 131.5  56.8683  40 
 131.409  56.5  40 
 131.139  55.5  40 
 130.845  54.5  40 
 130.529  53.5  40 
 130.5  53.4158  40 
 130.187  52.5  40 
 129.822  51.5  40 
 129.5  50.6729  40 
 129.432  50.5  40 
 129.017  49.5  40 
 128.576  48.5  40 
 128.5  48.3364  40 
 128.108  47.5  40 
 127.614  46.5  40 
 127.5  46.2789  40 
 127.092  45.5  40 
 126.543  44.5  40 
 127.092  43.5  40 
 127.5  42.7211  40 
 127.614  42.5  40 
 128.108  41.5  40 
 128.5  40.6636  40 
 128.576  40.5  40 
 129.017  39.5  40 
 129.432  38.5  40 
 129.5  38.3271  40 
 129.822  37.5  40 
 130.187  36.5  40 
 130.5  35.5842  40 
 130.529  35.5  40 
 130.845  34.5  40 
 131.139  33.5  40 
 131.409  32.5  40 
 131.5  32.1317  40 
 131.656  31.5  40 
 131.879  30.5  40 
 132.08  29.5  40 
 132.259  28.5  40 
 132.415  27.5  40 
 132.5  26.8664  40 
 132.549  26.5  40 
 132.66  25.5  40 
 132.749  24.5  40 
 132.816  23.5  40 
 132.86  22.5  40 
 132.881  21.5  40 
 132.854  20.5  40 
 132.804  19.5  40 
 132.732  18.5  40 
 132.637  17.5  40 
 132.52  16.5  40 
 132.5  16.3556  40 
 132.381  15.5  40 
 132.219  14.5  40 
 132.034  13.5  40 
 131.827  12.5  40 
 131.598  11.5  40 
 131.5  11.1119  40 
 131.345  10.5  40 

# Contour 28, label: 
 6.58119  13.5  40 
 7.0642  12.5  40 
 7.5  11.6484  40 
 7.57698  11.5  40 
 8.12159  10.5  40 
 8.5  9.83968  40 
 8.69774  9.5  40 
 9.30699  8.5  40 
 9.5  8.19637  40 
 9.95058  7.5  40 
 10.5  6.6869  40 
 10.6287  6.5  40 
 11.3438  5.5  40 
 11.5  5.28933  40 
 12.0974  4.5  40 
 12.5  3.9865  40 
 12.89  3.5  40 
 13.5  2.7635  40 
 13.7234  2.5  40 
 14.5  1.61137  40 
 14.5997  1.5  40 
 15.5  0.52236  40 
 15.5211  0.5  40 

# Contour 29, label: 
 15.5211  88.5  40 
 15.5  88.4776  40 
 14.5997  87.5  40 
 14.5  87.3886  40 
 13.7234  86.5  40 
 13.5  86.2365  40 
 12.89  85.5  40 
 12.5  85.0135  40 
 12.0974  84.5  40 
 11.5  83.7107  40 
 11.3438  83.5  40 
 10.6287  82.5  40 
 10.5  82.3131  40 
 9.95058  81.5  40 
 9.5  80.8036  40 
 9.30699  80.5  40 
 8.69774  79.5  40 
 8.5  79.1603  40 
 8.12159  78.5  40 
 7.57698  77.5  40 
 7.5  77.3516  40 
 7.0642  76.5  40 
 6.58119  75.5  40 
 6.5  75.3225  40 
 6.12828  74.5  40 
 5.70416  73.5  40 
 5.5  72.9864  40 
 5.30853  72.5  40 
 4.9409  71.5  40 
 4.60068  70.5  40 
 4.5  70.1798  40 
 4.28768  69.5  40 
 4.00153  68.5  40 
 3.74189  67.5  40 
 3.50864  66.5  40 
 3.5  66.4584  40 
 3.30165  65.5  40 
 3.12079  64.5  40 
 2.96627  63.5  40 
 2.83819  62.5  40 
 2.73687  61.5  40 
 2.66293  60.5  40 
 2.61803  59.5  40 
 2.64911  58.5  40 
 2.71353  57.5  40 
 2.80768  56.5  40 
 2.93014  55.5  40 
 3.08032  54.5  40 
 3.25758  53.5  40 
 3.46168  52.5  40 
 3.5  52.3328  40 
 3.6923  51.5  40 
 3.94874  50.5  40 
 4.2301  49.5  40 
 4.5  48.6144  40 
 4.53514  48.5  40 
 4.86244  47.5  40 
 5.20965  46.5  40 
 5.5  45.7037  40 
 5.57447  45.5  40 
 5.95453  44.5  40 
 5.57447  43.5  40 
 5.5  43.2963  40 
 5.20965  42.5  40 
 4.86244  41.5  40 
 4.53514  40.5  40 
 4.5  40.3856  40 
 4.2301  39.5  40 
 3.94874  38.5  40 
 3.6923  37.5  40 
 3.5  36.6672  40 
 3.46168  36.5  40 
 3.25758  35.5  40 
 3.08032  34.5  40 
 2.93014  33.5  40 
 2.80768  32.5  40 
 2.71353  31.5  40 
 2.64911  30.5  40 
 2.61803  29.5  40 
 2.66293  28.5  40 
 2.73687  27.5  40 
 2.83819  26.5  40 
 2.96627  25.5  40 
 3.12079  24.5  40 
 3.30165  23.5  40 
 3.5  22.5416  40 
 3.50864  22.5  40 
 3.74189  21.5  40 
 4.00153  20.5  40 
 4.28768  19.5  40 
 4.5  18.8202  40 
 4.60068  18.5  40 
 4.9409  17.5  40 
 5.30853  16.5  40 
 5.5  16.0136  40 
 5.70416  15.5  40 
 6.12828  14.5  40 
 6.5  13.6775  40 
 6.58119  13.5  40 


# Contour 30, label:       30
 120.685  12.5  30 
 120.5  11.8612  30 
 120.394  11.5  30 
 120.074  10.5  30 
 119.723  9.5  30 
 119.5  8.91413  30 
 119.341  8.5  30 
 118.927  7.5  30 
 118.5  6.54178  30 
 118.481  6.5  30 
 118.001  5.5  30 
 117.5  4.52543  30 
 117.487  4.5  30 
 116.935  3.5  30 
 116.5  2.75657  30 
 116.347  2.5  30 
 115.719  1.5  30 
 115.5  1.16884  30 
 115.049  0.5  30 

# Contour 31, label: 
 115.049  88.5  30 
 115.5  87.8312  30 
 115.719  87.5  30 
 116.347  86.5  30 
 116.5  86.2434  30 
 116.935  85.5  30 
 117.487  84.5  30 
 117.5  84.4746  30 
 118.001  83.5  30 
 118.481  82.5  30 
 118.5  82.4582  30 
 118.927  81.5  30 
 119.341  80.5  30 
 119.5  80.0859  30 
 119.723  79.5  30 
 120.074  78.5  30 
 120.394  77.5  30 
 120.5  77.1388  30 
 120.685  76.5  30 
 120.947  75.5  30 
 121.179  74.5  30 
 121.383  73.5  30 
 121.5  72.8314  30 
 121.558  72.5  30 
 121.704  71.5  30 
 121.822  70.5  30 
 121.91  69.5  30 
 121.969  68.5  30 
 121.999  67.5  30 
 121.971  66.5  30 
 121.915  65.5  30 
 121.83  64.5  30 
 121.717  63.5  30 
 121.576  62.5  30 
 121.5  62.0508  30 
 121.407  61.5  30 
 121.209  60.5  30 
 120.982  59.5  30 
 120.727  58.5  30 
 120.5  57.7024  30 
 120.442  57.5  30 
 120.127  56.5  30 
 119.782  55.5  30 
 119.5  54.747  30 
 119.406  54.5  30 
 118.999  53.5  30 
 118.56  52.5  30 
 118.5  52.3724  30 
 118.087  51.5  30 
 117.581  50.5  30 
 117.5  50.3488  30 
 117.039  49.5  30 
 116.5  48.5641  30 
 116.462  48.5  30 
 115.847  47.5  30 
 115.5  46.964  30 
 115.194  46.5  30 
 114.5  45.5  30 
 113.763  44.5  30 
 114.5  43.5004  30 
 115.194  42.5  30 
 115.5  42.036  30 
 115.847  41.5  30 
 116.462  40.5  30 
 116.5  40.4359  30 
 117.039  39.5  30 
 117.5  38.6512  30 
 117.581  38.5  30 
 118.087  37.5  30 
 118.5  36.6276  30 
 118.56  36.5  30 
 118.999  35.5  30 
 119.406  34.5  30 
 119.5  34.253  30 
 119.782  33.5  30 
 120.127  32.5  30 
 120.442  31.5  30 
 120.5  31.2976  30 
 120.727  30.5  30 
 120.982  29.5  30 
 121.209  28.5  30 
 121.407  27.5  30 
 121.5  26.9492  30 
 121.576  26.5  30 
 121.717  25.5  30 
 121.83  24.5  30 
 121.915  23.5  30 
 121.971  22.5  30 
 121.999  21.5  30 
 121.969  20.5  30 
 121.91  19.5  30 
 121.822  18.5  30 
 121.704  17.5  30 
 121.558  16.5  30 
 121.5  16.1686  30 
 121.383  15.5  30 
 121.179  14.5  30 
 120.947  13.5  30 
 120.685  12.5  30 

# Contour 32, label: 
 14.4305  18.5  30 
 14.5  18.338  30 
 14.8653  17.5  30 
 15.3375  16.5  30 
 15.5  16.1787  30 
 15.85  15.5  30 
 16.4022  14.5  30 
 16.5  14.3328  30 
 16.998  13.5  30 
 17.5  12.7095  30 
 17.6363  12.5  30 
 18.3212  11.5  30 
 18.5  11.2512  30 
 19.0545  10.5  30 
 19.5  9.92395  30 
 19.8373  9.5  30 
 20.5  8.70146  30 
 20.6722  8.5  30 
 21.5  7.56847  30 
 21.5627  7.5  30 
 22.5  6.51227  30 
 22.512  6.5  30 
 23.5  5.52274  30 
 23.5237  5.5  30 
 24.5  4.59131  30 
 24.6014  4.5  30 
 25.5  3.71136  30 
 25.7491  3.5  30 
 26.5  2.87718  30 
 26.9708  2.5  30 
 27.5  2.08452  30 
 28.2716  1.5  30 
 28.5  1.33015  30 
 29.5  0.612365  30 
 29.6624  0.5  30 

# Contour 33, label: 
 29.6624  88.5  30 
 29.5  88.3876  30 
 28.5  87.6699  30 
 28.2716  87.5  30 
 27.5  86.9155  30 
 26.9708  86.5  30 
 26.5  86.1228  30 
 25.7491  85.5  30 
 25.5  85.2886  30 
 24.6014  84.5  30 
 24.5  84.4087  30 
 23.5237  83.5  30 
 23.5  83.4773  30 
 22.512  82.5  30 
 22.5  82.4877  30 
 21.5627  81.5  30 
 21.5  81.4315  30 
 20.6722  80.5  30 
 20.5  80.2985  30 
 19.8373  79.5  30 
 19.5  79.076  30 
 19.0545  78.5  30 
 18.5  77.7488  30 
 18.3212  77.5  30 
 17.6363  76.5  30 
 17.5  76.2905  30 
 16.998  75.5  30 
 16.5  74.6672  30 
 16.4022  74.5  30 
 15.85  73.5  30 
 15.5  72.8213  30 
 15.3375  72.5  30 
 14.8653  71.5  30 
 14.5  70.662  30 
 14.4305  70.5  30 
 14.0342  69.5  30 
 13.6737  68.5  30 
 13.5  67.9672  30 
 13.3494  67.5  30 
 13.0609  66.5  30 
 12.8072  65.5  30 
 12.5883  64.5  30 
 12.5  64.0208  30 
 12.4046  63.5  30 
 12.2562  62.5  30 
 12.1435  61.5  30 
 12.0681  60.5  30 
 12.0346  59.5  30 
 12.103  58.5  30 
 12.2128  57.5  30 
 12.361  56.5  30 
 12.5  55.7467  30 
 12.546  55.5  30 
 12.7671  54.5  30 
 13.021  53.5  30 
 13.3036  52.5  30 
 13.5  51.8518  30 
 13.6072  51.5  30 
 13.9215  50.5  30 
 14.2376  49.5  30 
 14.5  48.6678  30 
 14.552  48.5  30 
 14.8655  47.5  30 
 15.187  46.5  30 
 15.5  45.5708  30 
 15.5237  45.5  30 
 15.8797  44.5  30 
 15.5237  43.5  30 
 15.5  43.4292  30 
 15.187  42.5  30 
 14.8655  41.5  30 
 14.552  40.5  30 
 14.5  40.3322  30 
 14.2376  39.5  30 
 13.9215  38.5  30 
 13.6072  37.5  30 
 13.5  37.1482  30 
 13.3036  36.5  30 
 13.021  35.5  30 
 12.7671  34.5  30 
 12.546  33.5  30 
 12.5  33.2533  30 
 12.361  32.5  30 
 12.2128  31.5  30 
 12.103  30.5  30 
 12.0346  29.5  30 
 12.0681  28.5  30 
 12.1435  27.5  30 
 12.2562  26.5  30 
 12.4046  25.5  30 
 12.5  24.9792  30 
 12.5883  24.5  30 
 12.8072  23.5  30 
 13.0609  22.5  30 
 13.3494  21.5  30 
 13.5  21.0328  30 
 13.6737  20.5  30 
 14.0342  19.5  30 
 14.4305  18.5  30 


# Contour 34, label:       20
 111.025  22.5  20 
 111.061  21.5  20 
 111.029  20.5  20 
 110.954  19.5  20 
 110.838  18.5  20 
 110.682  17.5  20 
 110.5  16.5724  20 
 110.486  16.5  20 
 110.25  15.5  20 
 109.975  14.5  20 
 109.66  13.5  20 
 109.5  13.0471  20 
 109.304  12.5  20 
 108.906  11.5  20 
 108.5  10.5757  20 
 108.466  10.5  20 
 107.98  9.5  20 
 107.5  8.5946  20 
 107.449  8.5  20 
 106.866  7.5  20 
 106.5  6.91592  20 
 106.232  6.5  20 
 105.542  5.5  20 
 105.5  5.4424  20 
 104.789  4.5  20 
 104.5  4.14031  20 
 103.968  3.5  20 
 103.5  2.96742  20 
 103.073  2.5  20 
 102.5  1.90464  20 
 102.094  1.5  20 
 101.5  0.937186  20 
 101.017  0.5  20 

# Contour 35, label: 
 101.017  88.5  20 
 101.5  88.0628  20 
 102.094  87.5  20 
 102.5  87.0954  20 
 103.073  86.5  20 
 103.5  86.0326  20 
 103.968  85.5  20 
 104.5  84.8597  20 
 104.789  84.5  20 
 105.5  83.5576  20 
 105.542  83.5  20 
 106.232  82.5  20 
 106.5  82.0841  20 
 106.866  81.5  20 
 107.449  80.5  20 
 107.5  80.4054  20 
 107.98  79.5  20 
 108.466  78.5  20 
 108.5  78.4243  20 
 108.906  77.5  20 
 109.304  76.5  20 
 109.5  75.9529  20 
 109.66  75.5  20 
 109.975  74.5  20 
 110.25  73.5  20 
 110.486  72.5  20 
 110.5  72.4276  20 
 110.682  71.5  20 
 110.838  70.5  20 
 110.954  69.5  20 
 111.029  68.5  20 
 111.061  67.5  20 
 111.025  66.5  20 
 110.949  65.5  20 
 110.835  64.5  20 
 110.683  63.5  20 
 110.5  62.5367  20 
 110.493  62.5  20 
 110.264  61.5  20 
 109.995  60.5  20 
 109.685  59.5  20 
 109.5  58.9673  20 
 109.335  58.5  20 
 108.942  57.5  20 
 108.507  56.5  20 
 108.5  56.4854  20 
 108.026  55.5  20 
 107.5  54.5  20 
 106.925  53.5  20 
 106.5  52.812  20 
 106.302  52.5  20 
 105.627  51.5  20 
 105.5  51.3221  20 
 104.896  50.5  20 
 104.5  49.9909  20 
 104.107  49.5  20 
 103.5  48.7814  20 
 103.255  48.5  20 
 102.5  47.6751  20 
 102.334  47.5  20 
 101.5  46.6575  20 
 101.338  46.5  20 
 100.5  45.7172  20 
 100.258  45.5  20 
 99.5  44.8448  20 
 99.0836  44.5  20 
 99.5  44.1552  20 
 100.258  43.5  20 
 100.5  43.2828  20 
 101.338  42.5  20 
 101.5  42.3425  20 
 102.334  41.5  20 
 102.5  41.3249  20 
 103.255  40.5  20 
 103.5  40.2186  20 
 104.107  39.5  20 
 104.5  39.0091  20 
 104.896  38.5  20 
 105.5  37.6779  20 
 105.627  37.5  20 
 106.302  36.5  20 
 106.5  36.188  20 
 106.925  35.5  20 
 107.5  34.5007  20 
 108.026  33.5  20 
 108.5  32.5146  20 
 108.507  32.5  20 
 108.942  31.5  20 
 109.335  30.5  20 
 109.5  30.0327  20 
 109.685  29.5  20 
 109.995  28.5  20 
 110.264  27.5  20 
 110.493  26.5  20 
 110.5  26.4633  20 
 110.683  25.5  20 
 110.835  24.5  20 
 110.949  23.5  20 
 111.025  22.5  20 

# Contour 36, label: 
 22.5  33.6417  20 
 22.4589  33.5  20 
 22.1784  32.5  20 
 21.9397  31.5  20 
 21.7532  30.5  20 
 21.6225  29.5  20 
 21.5506  28.5  20 
 21.631  27.5  20 
 21.7668  26.5  20 
 21.9554  25.5  20 
 22.196  24.5  20 
 22.4888  23.5  20 
 22.5  23.4671  20 
 22.8337  22.5  20 
 23.2323  21.5  20 
 23.5  20.9053  20 
 23.6859  20.5  20 
 24.1963  19.5  20 
 24.5  18.96  20 
 24.7656  18.5  20 
 25.3957  17.5  20 
 25.5  17.3459  20 
 26.0911  16.5  20 
 26.5  15.9544  20 
 26.853  15.5  20 
 27.5  14.7159  20 
 27.6853  14.5  20 
 28.5  13.5973  20 
 28.5915  13.5  20 
 29.5  12.5746  20 
 29.5765  12.5  20 
 30.5  11.6306  20 
 30.6451  11.5  20 
 31.5  10.7531  20 
 31.8033  10.5  20 
 32.5  9.93345  20 
 33.0593  9.5  20 
 33.5  9.16621  20 
 34.4256  8.5  20 
 34.5  8.44757  20 
 35.5  7.77705  20 
 35.9387  7.5  20 
 36.5  7.15203  20 
 37.5  6.57231  20 
 37.6337  6.5  20 
 38.5  6.03879  20 
 39.5  5.55056  20 
 39.6132  5.5  20 
 40.5  5.10899  20 
 41.5  4.71383  20 
 42.1126  4.5  20 
 42.5  4.36601  20 
 43.5  4.06631  20 
 44.5  3.81534  20 
 45.5  3.61442  20 
 46.2675  3.5  20 
 46.5  3.46534  20 
 47.5  3.3714  20 
 48.5  3.35499  20 
 49.5  3.45167  20 
 49.8197  3.5  20 
 50.5  3.60425  20 
 51.5  3.60074  20 
 51.696  3.5  20 
 52.5  3.06615  20 
 53.3499  2.5  20 
 53.5  2.39767  20 
 54.5  1.66886  20 
 54.7272  1.5  20 
 55.5  0.933718  20 
 56.1086  0.5  20 

# Contour 37, label: 
 56.1086  88.5  20 
 55.5  88.0663  20 
 54.7272  87.5  20 
 54.5  87.3311  20 
 53.5  86.6023  20 
 53.3499  86.5  20 
 52.5  85.9339  20 
 51.696  85.5  20 
 51.5  85.3993  20 
 50.5  85.3958  20 
 49.8197  85.5  20 
 49.5  85.5483  20 
 48.5  85.645  20 
 47.5  85.6286  20 
 46.5  85.5347  20 
 46.2675  85.5  20 
 45.5  85.3856  20 
 44.5  85.1847  20 
 43.5  84.9337  20 
 42.5  84.634  20 
 42.1126  84.5  20 
 41.5  84.2862  20 
 40.5  83.891  20 
 39.6132  83.5  20 
 39.5  83.4494  20 
 38.5  82.9612  20 
 37.6337  82.5  20 
 37.5  82.4277  20 
 36.5  81.848  20 
 35.9387  81.5  20 
 35.5  81.2229  20 
 34.5  80.5524  20 
 34.4256  80.5  20 
 33.5  79.8338  20 
 33.0593  79.5  20 
 32.5  79.0665  20 
 31.8033  78.5  20 
 31.5  78.2469  20 
 30.6451  77.5  20 
 30.5  77.3694  20 
 29.5765  76.5  20 
 29.5  76.4254  20 
 28.5915  75.5  20 
 28.5  75.4027  20 
 27.6853  74.5  20 
 27.5  74.2841  20 
 26.853  73.5  20 
 26.5  73.0456  20 
 26.0911  72.5  20 
 25.5  71.6541  20 
 25.3957  71.5  20 
 24.7656  70.5  20 
 24.5  70.04  20 
 24.1963  69.5  20 
 23.6859  68.5  20 
 23.5  68.0947  20 
 23.2323  67.5  20 
 22.8337  66.5  20 
 22.5  65.5329  20 
 22.4888  65.5  20 
 22.196  64.5  20 
 21.9554  63.5  20 
 21.7668  62.5  20 
 21.631  61.5  20 
 21.5506  60.5  20 
 21.6225  59.5  20 
 21.7532  58.5  20 
 21.9397  57.5  20 
 22.1784  56.5  20 
 22.4589  55.5  20 
 22.5  55.3583  20 
 22.7472  54.5  20 
 22.9642  53.5  20 
 23.1153  52.5  20 
 23.2615  51.5  20 
 23.438  50.5  20 
 23.5  50.2163  20 
 23.6568  49.5  20 
 23.9234  48.5  20 
 24.24  47.5  20 
 24.5  46.7897  20 
 24.6082  46.5  20 
 25.0307  45.5  20 
 25.5  44.5181  20 
 25.5089  44.5  20 
 25.5  44.4819  20 
 25.0307  43.5  20 
 24.6082  42.5  20 
 24.5  42.2103  20 
 24.24  41.5  20 
 23.9234  40.5  20 
 23.6568  39.5  20 
 23.5  38.7837  20 
 23.438  38.5  20 
 23.2615  37.5  20 
 23.1153  36.5  20 
 22.9642  35.5  20 
 22.7472  34.5  20 
 22.5  33.6417  20 


# Contour 38, label:       10
 83.6957  47.5  10 
 84.5  47.8308  10 
 85.5  48.2724  10 
 85.9804  48.5  10 
 86.5  48.7492  10 
 87.5  49.2667  10 
 87.9185  49.5  10 
 88.5  49.8309  10 
 89.5  50.448  10 
 89.5789  50.5  10 
 90.5  51.1252  10 
 91.0125  51.5  10 
 91.5  51.8696  10 
 92.2763  52.5  10 
 92.5  52.6896  10 
 93.3983  53.5  10 
 93.5  53.5965  10 
 94.3999  54.5  10 
 94.5  54.6066  10 
 95.2972  55.5  10 
 95.5  55.7436  10 
 96.1023  56.5  10 
 96.5  57.0424  10 
 96.8231  57.5  10 
 97.4647  58.5  10 
 97.5  58.5606  10 
 98.0323  59.5  10 
 98.5  60.4436  10 
 98.5274  60.5  10 
 98.9553  61.5  10 
 99.3147  62.5  10 
 99.5  63.1278  10 
 99.6093  63.5  10 
 99.8423  64.5  10 
 100.014  65.5  10 
 100.129  66.5  10 
 100.186  67.5  10 
 100.155  68.5  10 
 100.048  69.5  10 
 99.8737  70.5  10 
 99.635  71.5  10 
 99.5  71.9508  10 
 99.3347  72.5  10 
 98.9725  73.5  10 
 98.5443  74.5  10 
 98.5  74.5914  10 
 98.0498  75.5  10 
 97.5  76.469  10 
 97.4819  76.5  10 
 96.8351  77.5  10 
 96.5  77.9666  10 
 96.0995  78.5  10 
 95.5  79.228  10 
 95.2632  79.5  10 
 94.5  80.3089  10 
 94.3071  80.5  10 
 93.5  81.2457  10 
 93.2014  81.5  10 
 92.5  82.0631  10 
 91.9007  82.5  10 
 91.5  82.7781  10 
 90.5  83.4015  10 
 90.3229  83.5  10 
 89.5  83.9414  10 
 88.5  84.4065  10 
 88.2677  84.5  10 
 87.5  84.8022  10 
 86.5  85.1351  10 
 85.5  85.4123  10 
 85.1171  85.5  10 
 84.5  85.64  10 
 83.5  85.8212  10 
 82.5  85.9565  10 
 81.5  86.0439  10 
 80.5  86.0859  10 
 79.5  86.0927  10 
 78.5  86.0622  10 
 77.5  85.9905  10 
 76.5  85.8792  10 
 75.5  85.7331  10 
 74.5  85.5581  10 

# Contour 39, label: 
 84.5  3.35998  10 
 85.1171  3.5  10 
 85.5  3.58768  10 
 86.5  3.8649  10 
 87.5  4.19784  10 
 88.2677  4.5  10 
 88.5  4.59352  10 
 89.5  5.05859  10 
 90.3229  5.5  10 
 90.5  5.59851  10 
 91.5  6.22186  10 
 91.9007  6.5  10 
 92.5  6.93692  10 
 93.2014  7.5  10 
 93.5  7.75433  10 
 94.3071  8.5  10 
 94.5  8.69105  10 
 95.2632  9.5  10 
 95.5  9.77201  10 
 96.0995  10.5  10 
 96.5  11.0334  10 
 96.8351  11.5  10 
 97.4819  12.5  10 
 97.5  12.531  10 
 98.0498  13.5  10 
 98.5  14.4086  10 
 98.5443  14.5  10 
 98.9725  15.5  10 
 99.3347  16.5  10 
 99.5  17.0492  10 
 99.635  17.5  10 
 99.8737  18.5  10 
 100.048  19.5  10 
 100.155  20.5  10 
 100.186  21.5  10 
 100.129  22.5  10 
 100.014  23.5  10 
 99.8423  24.5  10 
 99.6093  25.5  10 
 99.5  25.8722  10 
 99.3147  26.5  10 
 98.9553  27.5  10 
 98.5274  28.5  10 
 98.5  28.5564  10 
 98.0323  29.5  10 
 97.5  30.4394  10 
 97.4647  30.5  10 
 96.8231  31.5  10 
 96.5  31.9576  10 
 96.1023  32.5  10 
 95.5  33.2564  10 
 95.2972  33.5  10 
 94.5  34.3934  10 
 94.3999  34.5  10 
 93.5  35.4035  10 
 93.3983  35.5  10 
 92.5  36.3104  10 
 92.2763  36.5  10 
 91.5  37.1304  10 
 91.0125  37.5  10 
 90.5  37.8748  10 
 89.5789  38.5  10 
 89.5  38.552  10 
 88.5  39.1691  10 
 87.9185  39.5  10 
 87.5  39.7333  10 
 86.5  40.2508  10 
 85.9804  40.5  10 
 85.5  40.7276  10 
 84.5  41.1692  10 
 83.6957  41.5  10 
 83.5  41.5799  10 
 82.5  41.964  10 
 81.5  42.3234  10 
 80.9775  42.5  10 
 80.5  42.6608  10 
 79.5  42.9765  10 
 78.5  43.2706  10 
 77.6649  43.5  10 
 77.5  43.5458  10 
 76.5  43.8063  10 
 75.5  44.047  10 
 74.5  44.2681  10 
 73.5  44.4739  10 
 73.3674  44.5  10 
 73.5  44.5261  10 
 74.5  44.7319  10 
 75.5  44.953  10 
 76.5  45.1937  10 
 77.5  45.4542  10 
 77.6649  45.5  10 
 78.5  45.7294  10 
 79.5  46.0235  10 
 80.5  46.3392  10 
 80.9775  46.5  10 
 81.5  46.6766  10 
 82.5  47.036  10 
 83.5  47.4201  10 
 83.6957  47.5  10 

# Contour 40, label: 
 34.5  42.3114  10 
 33.9396  41.5  10 
 33.5  40.7625  10 
 33.354  40.5  10 
 32.8828  39.5  10 
 32.5065  38.5  10 
 32.5  38.4774  10 
 32.2326  37.5  10 
 32.0514  36.5  10 
 31.972  35.5  10 
 32.0604  34.5  10 
 32.2357  33.5  10 
 32.3077  32.5  10 
 31.9771  31.5  10 
 31.5702  30.5  10 
 31.5  30.286  10 
 31.2534  29.5  10 
 31.0525  28.5  10 
 31.1091  27.5  10 
 31.2897  26.5  10 
 31.5  25.751  10 
 31.5724  25.5  10 
 31.9579  24.5  10 
 32.4432  23.5  10 
 32.5  23.4003  10 
 33.0417  22.5  10 
 33.5  21.8409  10 
 33.753  21.5  10 
 34.5  20.5972  10 
 34.5864  20.5  10 
 35.5  19.5482  10 
 35.5497  19.5  10 
 36.5  18.6227  10 
 36.6412  18.5  10 
 37.5  17.7794  10 
 37.8499  17.5  10 
 38.5  16.9981  10 
 39.179  16.5  10 
 39.5  16.2737  10 
 40.5  15.6136  10 
 40.6871  15.5  10 
 41.5  15.0282  10 
 42.5  14.5188  10 
 42.5432  14.5  10 
 43.5  14.0969  10 
 44.5  13.7621  10 
 45.5  13.5204  10 
 45.6448  13.5  10 
 46.5  13.3797  10 
 47.5  13.3979  10 
 48.067  13.5  10 
 48.5  13.58  10 
 49.5  13.8327  10 
 50.5  14.0598  10 
 51.5  14.0816  10 
 52.5  13.962  10 
 53.5  13.6655  10 
 53.8343  13.5  10 
 54.5  13.176  10 
 55.5  12.6885  10 
 55.9143  12.5  10 
 56.5  12.2177  10 
 57.5  11.6174  10 
 57.6452  11.5  10 
 58.5  10.7646  10 
 58.786  10.5  10 
 59.5  9.86878  10 
 59.9448  9.5  10 
 60.5  9.06284  10 
 61.2775  8.5  10 
 61.5  8.34551  10 
 62.5  7.70506  10 
 62.8494  7.5  10 
 63.5  7.12982  10 
 64.5  6.60963  10 
 64.7297  6.5  10 
 65.5  6.14037  10 
 66.5  5.71339  10 
 67.0457  5.5  10 
 67.5  5.32508  10 
 68.5  4.97159  10 
 69.5  4.64889  10 
 70.0067  4.5  10 
 70.5  4.35656  10 
 71.5  4.09371  10 
 72.5  3.85655  10 
 73.5  3.63983  10 
 74.2052  3.5  10 
 74.5  3.44193  10 
 75.5  3.26694  10 
 76.5  3.12079  10 
 77.5  3.00948  10 
 78.5  2.93783  10 
 79.5  2.90734  10 
 80.5  2.91414  10 
 81.5  2.95612  10 
 82.5  3.04355  10 
 83.5  3.17881  10 
 84.5  3.35998  10 

# Contour 41, label: 
 74.5  85.5581  10 
 74.2052  85.5  10 
 73.5  85.3602  10 
 72.5  85.1435  10 
 71.5  84.9063  10 
 70.5  84.6434  10 
 70.0067  84.5  10 
 69.5  84.3511  10 
 68.5  84.0284  10 
 67.5  83.6749  10 
 67.0457  83.5  10 
 66.5  83.2866  10 
 65.5  82.8596  10 
 64.7297  82.5  10 
 64.5  82.3904  10 
 63.5  81.8702  10 
 62.8494  81.5  10 
 62.5  81.2949  10 
 61.5  80.6545  10 
 61.2775  80.5  10 
 60.5  79.9372  10 
 59.9448  79.5  10 
 59.5  79.1312  10 
 58.786  78.5  10 
 58.5  78.2354  10 
 57.6452  77.5  10 
 57.5  77.3826  10 
 56.5  76.7823  10 
 55.9143  76.5  10 
 55.5  76.3115  10 
 54.5  75.824  10 
 53.8343  75.5  10 
 53.5  75.3345  10 
 52.5  75.038  10 
 51.5  74.9184  10 
 50.5  74.9402  10 
 49.5  75.1673  10 
 48.5  75.42  10 
 48.067  75.5  10 
 47.5  75.6021  10 
 46.5  75.6203  10 
 45.6448  75.5  10 
 45.5  75.4796  10 
 44.5  75.2379  10 
 43.5  74.9031  10 
 42.5432  74.5  10 
 42.5  74.4812  10 
 41.5  73.9718  10 
 40.6871  73.5  10 
 40.5  73.3864  10 
 39.5  72.7263  10 
 39.179  72.5  10 
 38.5  72.0019  10 
 37.8499  71.5  10 
 37.5  71.2206  10 
 36.6412  70.5  10 
 36.5  70.3773  10 
 35.5497  69.5  10 
 35.5  69.4518  10 
 34.5864  68.5  10 
 34.5  68.4028  10 
 33.753  67.5  10 
 33.5  67.1591  10 
 33.0417  66.5  10 
 32.5  65.5997  10 
 32.4432  65.5  10 
 31.9579  64.5  10 
 31.5724  63.5  10 
 31.5  63.249  10 
 31.2897  62.5  10 
 31.1091  61.5  10 
 31.0525  60.5  10 
 31.2534  59.5  10 
 31.5  58.714  10 
 31.5702  58.5  10 
 31.9771  57.5  10 
 32.3077  56.5  10 
 32.2357  55.5  10 
 32.0604  54.5  10 
 31.972  53.5  10 
 32.0514  52.5  10 
 32.2326  51.5  10 
 32.5  50.5226  10 
 32.5065  50.5  10 
 32.8828  49.5  10 
 33.354  48.5  10 
 33.5  48.2375  10 
 33.9396  47.5  10 
 34.5  46.6886  10 
 34.6414  46.5  10 
 35.5  45.5025  10 
 35.5024  45.5  10 
 36.5  44.6247  10 
 36.6597  44.5  10 
 36.5  44.3753  10 
 35.5024  43.5  10 
 35.5  43.4975  10 
 34.6414  42.5  10 
 34.5  42.3114  10 


# Contour 42, label:        0
 87.5  14.7938  0 
 88.271  15.5  0 
 88.5  15.742  0 
 89.1271  16.5  0 
 89.5  17.0471  0 
 89.7792  17.5  0 
 90.2393  18.5  0 
 90.5  19.3748  0 
 90.5369  19.5  0 
 90.6705  20.5  0 
 90.6409  21.5  0 
 90.5  22.3949  0 
 90.4816  22.5  0 
 90.2157  23.5  0 
 89.8488  24.5  0 
 89.5  25.2109  0 
 89.3444  25.5  0 
 88.7015  26.5  0 
 88.5  26.7673  0 
 87.9033  27.5  0 
 87.5  27.9378  0 
 86.9355  28.5  0 
 86.5  28.8957  0 
 85.7707  29.5  0 
 85.5  29.7098  0 
 84.5  30.4044  0 
 84.3527  30.5  0 
 83.5  31.0107  0 
 82.5878  31.5  0 
 82.5  31.546  0 
 81.5  32.0242  0 
 80.5  32.4465  0 
 80.3693  32.5  0 
 79.5  32.8441  0 
 78.5  33.201  0 
 77.5866  33.5  0 
 77.5  33.5295  0 
 76.5  33.8285  0 
 75.5  34.0952  0 
 74.5  34.3422  0 
 73.8278  34.5  0 
 73.5  34.5814  0 
 72.5  34.8008  0 
 71.5  34.9887  0 
 70.5  35.1646  0 
 69.5  35.3382  0 
 68.5674  35.5  0 
 68.5  35.5128  0 
 67.5  35.7043  0 
 66.5  35.8808  0 
 65.5  36.0449  0 
 64.5  36.2153  0 
 63.5  36.3917  0 
 62.9193  36.5  0 
 62.5  36.5872  0 
 61.5  36.7848  0 
 60.5  36.9603  0 
 59.5  37.1202  0 
 58.5  37.2708  0 
 57.5  37.4175  0 
 56.9398  37.5  0 
 56.5  37.5734  0 
 55.5  37.7201  0 
 54.5  37.8437  0 
 53.5  37.9443  0 
 52.5  38.0215  0 
 51.5  38.0818  0 
 50.5  38.1291  0 
 49.5  38.1578  0 
 48.5  38.1679  0 
 47.5  38.1618  0 
 46.5  38.1211  0 
 45.5  38.0326  0 
 44.5  37.8753  0 
 43.5  37.5586  0 

# Contour 43, label: 
 43.5  37.5586  0 
 43.3943  37.5  0 
 42.5  36.7321  0 
 42.321  36.5  0 
 42.1168  35.5  0 
 42.3051  34.5  0 
 42.5  34.0188  0 
 42.7088  33.5  0 
 43.1572  32.5  0 
 43.4749  31.5  0 
 43.5  31.4322  0 
 43.8405  30.5  0 
 44.3886  29.5  0 
 44.5  29.3608  0 
 45.1615  28.5  0 
 45.5  28.1144  0 
 46.0471  27.5  0 
 46.5  27.0485  0 
 46.9529  26.5  0 
 47.5  26.0242  0 
 48.0532  25.5  0 
 48.5  25.145  0 
 49.5  24.5338  0 
 49.5651  24.5  0 
 50.5  23.9363  0 
 51.5  23.6139  0 
 52.5  23.6097  0 
 53.5  24.0946  0 
 53.7853  24.5  0 
 54.0905  25.5  0 
 53.9193  26.5  0 
 53.7914  27.5  0 
 53.9975  28.5  0 
 54.5  28.9811  0 
 55.5  29.0813  0 
 56.5  28.5951  0 
 56.6104  28.5  0 
 57.4589  27.5  0 
 57.5  27.4423  0 
 58.1846  26.5  0 
 58.5  26.007  0 
 58.9666  25.5  0 
 59.3434  24.5  0 
 59.4552  23.5  0 
 58.5  22.5645  0 
 58.3851  22.5  0 
 58.5  22.3655  0 
 58.6581  22.5  0 
 59.5  23.3868  0 
 60.5  23.4301  0 
 60.583  23.5  0 
 61.2343  24.5  0 
 61.3746  25.5  0 
 61.5  25.7522  0 
 62.5  25.6397  0 
 62.6155  25.5  0 
 63.4332  24.5  0 
 63.5  24.3386  0 
 63.6393  23.5  0 
 63.5467  22.5  0 
 63.5  22.3116  0 
 63.2726  21.5  0 
 63.2628  20.5  0 
 63.5  19.8206  0 
 63.6123  19.5  0 
 64.2277  18.5  0 
 64.5  18.1642  0 
 65.0814  17.5  0 
 65.5  17.1055  0 
 66.2201  16.5  0 
 66.5  16.2964  0 
 67.5  15.6533  0 
 67.7609  15.5  0 
 68.5  15.104  0 
 69.5  14.6464  0 
 69.8465  14.5  0 
 70.5  14.2309  0 
 71.5  13.8815  0 
 72.5  13.5831  0 
 72.8101  13.5  0 
 73.5  13.3057  0 
 74.5  13.0764  0 
 75.5  12.8862  0 
 76.5  12.7286  0 
 77.5  12.6036  0 
 78.5  12.5209  0 
 79.2074  12.5  0 
 79.5  12.4903  0 
 79.9123  12.5  0 
 80.5  12.5121  0 
 81.5  12.5755  0 
 82.5  12.6888  0 
 83.5  12.867  0 
 84.5  13.1342  0 
 85.416  13.5  0 
 85.5  13.5366  0 
 86.5  14.0691  0 
 87.1205  14.5  0 
 87.5  14.7938  0 

# Contour 44, label: 
 58.5  66.6345  0 
 58.3851  66.5  0 
 58.5  66.4355  0 
 58.6581  66.5  0 
 58.5  66.6345  0 

# Contour 45, label: 
 57.5  51.5825  0 
 58.5  51.7292  0 
 59.5  51.8798  0 
 60.5  52.0397  0 
 61.5  52.2152  0 
 62.5  52.4128  0 
 62.9193  52.5  0 
 63.5  52.6083  0 
 64.5  52.7847  0 
 65.5  52.9551  0 
 66.5  53.1192  0 
 67.5  53.2957  0 
 68.5  53.4872  0 
 68.5674  53.5  0 
 69.5  53.6618  0 
 70.5  53.8354  0 
 71.5  54.0113  0 
 72.5  54.1992  0 
 73.5  54.4186  0 
 73.8278  54.5  0 
 74.5  54.6578  0 
 75.5  54.9048  0 
 76.5  55.1715  0 
 77.5  55.4705  0 
 77.5866  55.5  0 
 78.5  55.799  0 
 79.5  56.1559  0 
 80.3693  56.5  0 
 80.5  56.5535  0 
 81.5  56.9758  0 
 82.5  57.454  0 
 82.5878  57.5  0 
 83.5  57.9893  0 
 84.3527  58.5  0 
 84.5  58.5956  0 
 85.5  59.2902  0 
 85.7707  59.5  0 
 86.5  60.1043  0 
 86.9355  60.5  0 
 87.5  61.0622  0 
 87.9033  61.5  0 
 88.5  62.2327  0 
 88.7015  62.5  0 
 89.3444  63.5  0 
 89.5  63.7891  0 
 89.8488  64.5  0 
 90.2157  65.5  0 
 90.4816  66.5  0 
 90.5  66.6051  0 
 90.6409  67.5  0 
 90.6705  68.5  0 
 90.5369  69.5  0 
 90.5  69.6252  0 
 90.2393  70.5  0 
 89.7792  71.5  0 
 89.5  71.9529  0 
 89.1271  72.5  0 
 88.5  73.258  0 
 88.271  73.5  0 
 87.5  74.2062  0 
 87.1205  74.5  0 
 86.5  74.9309  0 
 85.5  75.4634  0 
 85.416  75.5  0 
 84.5  75.8658  0 
 83.5  76.133  0 
 82.5  76.3112  0 
 81.5  76.4245  0 
 80.5  76.4879  0 
 79.9123  76.5  0 
 79.5  76.5097  0 

# Contour 46, label: 
 79.5  76.5097  0 
 79.2074  76.5  0 
 78.5  76.4791  0 
 77.5  76.3964  0 
 76.5  76.2714  0 
 75.5  76.1138  0 
 74.5  75.9236  0 
 73.5  75.6943  0 
 72.8101  75.5  0 
 72.5  75.4169  0 
 71.5  75.1185  0 
 70.5  74.7691  0 
 69.8465  74.5  0 
 69.5  74.3536  0 
 68.5  73.896  0 
 67.7609  73.5  0 
 67.5  73.3467  0 
 66.5  72.7036  0 
 66.2201  72.5  0 
 65.5  71.8945  0 
 65.0814  71.5  0 
 64.5  70.8358  0 
 64.2277  70.5  0 
 63.6123  69.5  0 
 63.5  69.1794  0 
 63.2628  68.5  0 
 63.2726  67.5  0 
 63.5  66.6884  0 
 63.5467  66.5  0 
 63.6393  65.5  0 
 63.5  64.6614  0 
 63.4332  64.5  0 
 62.6155  63.5  0 
 62.5  63.3603  0 
 61.5  63.2478  0 
 61.3746  63.5  0 
 61.2343  64.5  0 
 60.583  65.5  0 
 60.5  65.5699  0 
 59.5  65.6132  0 
 59.4552  65.5  0 
 59.3434  64.5  0 
 58.9666  63.5  0 
 58.5  62.993  0 
 58.1846  62.5  0 
 57.5  61.5577  0 
 57.4589  61.5  0 
 56.6104  60.5  0 
 56.5  60.4049  0 
 55.5  59.9187  0 
 54.5  60.0189  0 
 53.9975  60.5  0 
 53.7914  61.5  0 
 53.9193  62.5  0 
 54.0905  63.5  0 
 53.7853  64.5  0 
 53.5  64.9054  0 
 52.5  65.3903  0 
 51.5  65.3861  0 
 50.5  65.0637  0 
 49.5651  64.5  0 
 49.5  64.4662  0 
 48.5  63.855  0 
 48.0532  63.5  0 
 47.5  62.9758  0 
 46.9529  62.5  0 
 46.5  61.9515  0 
 46.0471  61.5  0 
 45.5  60.8856  0 
 45.1615  60.5  0 
 44.5  59.6392  0 
 44.3886  59.5  0 
 43.8405  58.5  0 
 43.5  57.5678  0 
 43.4749  57.5  0 
 43.1572  56.5  0 
 42.7088  55.5  0 
 42.5  54.9812  0 
 42.3051  54.5  0 
 42.1168  53.5  0 
 42.321  52.5  0 
 42.5  52.2679  0 
 43.3943  51.5  0 
 43.5  51.4414  0 
 44.5  51.1247  0 
 45.5  50.9674  0 
 46.5  50.8789  0 
 47.5  50.8382  0 
 48.5  50.8321  0 
 49.5  50.8422  0 
 50.5  50.8709  0 
 51.5  50.9182  0 
 52.5  50.9785  0 
 53.5  51.0557  0 
 54.5  51.1563  0 
 55.5  51.2799  0 
 56.5  51.4266  0 
 56.9398  51.5  0 
 57.5  51.5825  0 


# Contour 47, label:      -10
 73.5  24.6287 -10 
 73.2328  24.5 -10 
 73.433  23.5 -10 
 73.5  23.4368 -10 
 74.5  22.8153 -10 
 75.3451  22.5 -10 
 75.5  22.4493 -10 
 76.5  22.2031 -10 
 77.5  22.0408 -10 
 78.5  22.3655 -10 
 78.5999  22.5 -10 
 78.5  22.5674 -10 
 77.5  23.0808 -10 
 76.7791  23.5 -10 
 76.5  23.6304 -10 
 75.5  24.039 -10 
 74.5  24.3366 -10 
 74.0114  24.5 -10 
 73.5  24.6287 -10 

# Contour 48, label: 
 75.5  66.5507 -10 
 75.3451  66.5 -10 
 74.5  66.1847 -10 
 73.5  65.5632 -10 
 73.433  65.5 -10 
 73.2328  64.5 -10 
 73.5  64.3713 -10 
 74.0114  64.5 -10 
 74.5  64.6634 -10 
 75.5  64.961 -10 
 76.5  65.3696 -10 
 76.7791  65.5 -10 
 77.5  65.9192 -10 
 78.5  66.4326 -10 
 78.5999  66.5 -10 
 78.5  66.6345 -10 
 77.5  66.9592 -10 
 76.5  66.7969 -10 
 75.5  66.5507 -10 

