
# Surface 0 of 1 surfaces

# Curve title: ""./data/OGFM-CLSVOF-shocked_helium_bubble-MUSCL-325-89-3089-ls.dat""

# Contour 0, label:      210
 314.41  88.5  210 
 314.5  87.617  210 
 314.512  87.5  210 
 314.609  86.5  210 
 314.702  85.5  210 
 314.79  84.5  210 
 314.873  83.5  210 
 314.952  82.5  210 
 315.025  81.5  210 
 315.094  80.5  210 
 315.158  79.5  210 
 315.218  78.5  210 
 315.273  77.5  210 
 315.322  76.5  210 
 315.368  75.5  210 
 315.409  74.5  210 
 315.444  73.5  210 
 315.476  72.5  210 
 315.5  71.5833  210 
 315.502  71.5  210 
 315.525  70.5  210 
 315.541  69.5  210 
 315.554  68.5  210 
 315.561  67.5  210 
 315.553  66.5  210 
 315.54  65.5  210 
 315.522  64.5  210 
 315.5  63.5476  210 
 315.499  63.5  210 
 315.472  62.5  210 
 315.44  61.5  210 
 315.403  60.5  210 
 315.361  59.5  210 
 315.315  58.5  210 
 315.264  57.5  210 
 315.208  56.5  210 
 315.148  55.5  210 
 315.083  54.5  210 
 315.013  53.5  210 
 314.939  52.5  210 
 314.859  51.5  210 
 314.776  50.5  210 
 314.687  49.5  210 
 314.594  48.5  210 
 314.5  47.544  210 
 314.496  47.5  210 
 314.393  46.5  210 
 314.285  45.5  210 
 314.172  44.5  210 
 314.285  43.5  210 
 314.393  42.5  210 
 314.496  41.5  210 
 314.5  41.456  210 
 314.594  40.5  210 
 314.687  39.5  210 
 314.776  38.5  210 
 314.859  37.5  210 
 314.939  36.5  210 
 315.013  35.5  210 
 315.083  34.5  210 
 315.148  33.5  210 
 315.208  32.5  210 
 315.264  31.5  210 
 315.315  30.5  210 
 315.361  29.5  210 
 315.403  28.5  210 
 315.44  27.5  210 
 315.472  26.5  210 
 315.499  25.5  210 
 315.5  25.4524  210 
 315.522  24.5  210 
 315.54  23.5  210 
 315.553  22.5  210 
 315.561  21.5  210 
 315.554  20.5  210 
 315.541  19.5  210 
 315.525  18.5  210 
 315.502  17.5  210 
 315.5  17.4167  210 
 315.476  16.5  210 
 315.444  15.5  210 
 315.409  14.5  210 
 315.368  13.5  210 
 315.322  12.5  210 
 315.273  11.5  210 
 315.218  10.5  210 
 315.158  9.5  210 
 315.094  8.5  210 
 315.025  7.5  210 
 314.952  6.5  210 
 314.873  5.5  210 
 314.79  4.5  210 
 314.702  3.5  210 
 314.609  2.5  210 
 314.512  1.5  210 
 314.5  1.38298  210 
 314.41  0.5  210 


# Contour 1, label:      200
 303.608  88.5  200 
 303.715  87.5  200 
 303.816  86.5  200 
 303.913  85.5  200 
 304.005  84.5  200 
 304.092  83.5  200 
 304.174  82.5  200 
 304.251  81.5  200 
 304.323  80.5  200 
 304.39  79.5  200 
 304.453  78.5  200 
 304.5  77.6698  200 
 304.51  77.5  200 
 304.562  76.5  200 
 304.61  75.5  200 
 304.652  74.5  200 
 304.689  73.5  200 
 304.722  72.5  200 
 304.749  71.5  200 
 304.772  70.5  200 
 304.789  69.5  200 
 304.802  68.5  200 
 304.81  67.5  200 
 304.801  66.5  200 
 304.788  65.5  200 
 304.769  64.5  200 
 304.745  63.5  200 
 304.716  62.5  200 
 304.683  61.5  200 
 304.644  60.5  200 
 304.601  59.5  200 
 304.553  58.5  200 
 304.5  57.52  200 
 304.499  57.5  200 
 304.441  56.5  200 
 304.378  55.5  200 
 304.309  54.5  200 
 304.237  53.5  200 
 304.158  52.5  200 
 304.076  51.5  200 
 303.988  50.5  200 
 303.895  49.5  200 
 303.797  48.5  200 
 303.694  47.5  200 
 303.586  46.5  200 
 303.5  45.7308  200 
 303.474  45.5  200 
 303.356  44.5  200 
 303.474  43.5  200 
 303.5  43.2692  200 
 303.586  42.5  200 
 303.694  41.5  200 
 303.797  40.5  200 
 303.895  39.5  200 
 303.988  38.5  200 
 304.076  37.5  200 
 304.158  36.5  200 
 304.237  35.5  200 
 304.309  34.5  200 
 304.378  33.5  200 
 304.441  32.5  200 
 304.499  31.5  200 
 304.5  31.48  200 
 304.553  30.5  200 
 304.601  29.5  200 
 304.644  28.5  200 
 304.683  27.5  200 
 304.716  26.5  200 
 304.745  25.5  200 
 304.769  24.5  200 
 304.788  23.5  200 
 304.801  22.5  200 
 304.81  21.5  200 
 304.802  20.5  200 
 304.789  19.5  200 
 304.772  18.5  200 
 304.749  17.5  200 
 304.722  16.5  200 
 304.689  15.5  200 
 304.652  14.5  200 
 304.61  13.5  200 
 304.562  12.5  200 
 304.51  11.5  200 
 304.5  11.3302  200 
 304.453  10.5  200 
 304.39  9.5  200 
 304.323  8.5  200 
 304.251  7.5  200 
 304.174  6.5  200 
 304.092  5.5  200 
 304.005  4.5  200 
 303.913  3.5  200 
 303.816  2.5  200 
 303.715  1.5  200 
 303.608  0.5  200 


# Contour 2, label:      190
 292.802  88.5  190 
 292.914  87.5  190 
 293.021  86.5  190 
 293.121  85.5  190 
 293.218  84.5  190 
 293.309  83.5  190 
 293.394  82.5  190 
 293.475  81.5  190 
 293.5  81.1714  190 
 293.551  80.5  190 
 293.622  79.5  190 
 293.686  78.5  190 
 293.747  77.5  190 
 293.8  76.5  190 
 293.85  75.5  190 
 293.895  74.5  190 
 293.933  73.5  190 
 293.968  72.5  190 
 293.996  71.5  190 
 294.019  70.5  190 
 294.038  69.5  190 
 294.051  68.5  190 
 294.058  67.5  190 
 294.049  66.5  190 
 294.035  65.5  190 
 294.015  64.5  190 
 293.99  63.5  190 
 293.96  62.5  190 
 293.925  61.5  190 
 293.884  60.5  190 
 293.839  59.5  190 
 293.788  58.5  190 
 293.733  57.5  190 
 293.671  56.5  190 
 293.605  55.5  190 
 293.533  54.5  190 
 293.5  54.0694  190 
 293.456  53.5  190 
 293.374  52.5  190 
 293.287  51.5  190 
 293.195  50.5  190 
 293.097  49.5  190 
 292.995  48.5  190 
 292.886  47.5  190 
 292.774  46.5  190 
 292.655  45.5  190 
 292.531  44.5  190 
 292.655  43.5  190 
 292.774  42.5  190 
 292.886  41.5  190 
 292.995  40.5  190 
 293.097  39.5  190 
 293.195  38.5  190 
 293.287  37.5  190 
 293.374  36.5  190 
 293.456  35.5  190 
 293.5  34.9306  190 
 293.533  34.5  190 
 293.605  33.5  190 
 293.671  32.5  190 
 293.733  31.5  190 
 293.788  30.5  190 
 293.839  29.5  190 
 293.884  28.5  190 
 293.925  27.5  190 
 293.96  26.5  190 
 293.99  25.5  190 
 294.015  24.5  190 
 294.035  23.5  190 
 294.049  22.5  190 
 294.058  21.5  190 
 294.051  20.5  190 
 294.038  19.5  190 
 294.019  18.5  190 
 293.996  17.5  190 
 293.968  16.5  190 
 293.933  15.5  190 
 293.895  14.5  190 
 293.85  13.5  190 
 293.8  12.5  190 
 293.747  11.5  190 
 293.686  10.5  190 
 293.622  9.5  190 
 293.551  8.5  190 
 293.5  7.82857  190 
 293.475  7.5  190 
 293.394  6.5  190 
 293.309  5.5  190 
 293.218  4.5  190 
 293.121  3.5  190 
 293.021  2.5  190 
 292.914  1.5  190 
 292.802  0.5  190 


# Contour 3, label:      180
 281.988  88.5  180 
 282.105  87.5  180 
 282.218  86.5  180 
 282.325  85.5  180 
 282.426  84.5  180 
 282.5  83.7247  180 
 282.522  83.5  180 
 282.612  82.5  180 
 282.697  81.5  180 
 282.776  80.5  180 
 282.85  79.5  180 
 282.918  78.5  180 
 282.981  77.5  180 
 283.038  76.5  180 
 283.09  75.5  180 
 283.136  74.5  180 
 283.177  73.5  180 
 283.212  72.5  180 
 283.242  71.5  180 
 283.267  70.5  180 
 283.285  69.5  180 
 283.299  68.5  180 
 283.306  67.5  180 
 283.297  66.5  180 
 283.282  65.5  180 
 283.261  64.5  180 
 283.234  63.5  180 
 283.203  62.5  180 
 283.166  61.5  180 
 283.123  60.5  180 
 283.075  59.5  180 
 283.022  58.5  180 
 282.962  57.5  180 
 282.898  56.5  180 
 282.828  55.5  180 
 282.752  54.5  180 
 282.672  53.5  180 
 282.585  52.5  180 
 282.5  51.5706  180 
 282.494  51.5  180 
 282.396  50.5  180 
 282.294  49.5  180 
 282.185  48.5  180 
 282.071  47.5  180 
 281.952  46.5  180 
 281.827  45.5  180 
 281.696  44.5  180 
 281.827  43.5  180 
 281.952  42.5  180 
 282.071  41.5  180 
 282.185  40.5  180 
 282.294  39.5  180 
 282.396  38.5  180 
 282.494  37.5  180 
 282.5  37.4294  180 
 282.585  36.5  180 
 282.672  35.5  180 
 282.752  34.5  180 
 282.828  33.5  180 
 282.898  32.5  180 
 282.962  31.5  180 
 283.022  30.5  180 
 283.075  29.5  180 
 283.123  28.5  180 
 283.166  27.5  180 
 283.203  26.5  180 
 283.234  25.5  180 
 283.261  24.5  180 
 283.282  23.5  180 
 283.297  22.5  180 
 283.306  21.5  180 
 283.299  20.5  180 
 283.285  19.5  180 
 283.267  18.5  180 
 283.242  17.5  180 
 283.212  16.5  180 
 283.177  15.5  180 
 283.136  14.5  180 
 283.09  13.5  180 
 283.038  12.5  180 
 282.981  11.5  180 
 282.918  10.5  180 
 282.85  9.5  180 
 282.776  8.5  180 
 282.697  7.5  180 
 282.612  6.5  180 
 282.522  5.5  180 
 282.5  5.27528  180 
 282.426  4.5  180 
 282.325  3.5  180 
 282.218  2.5  180 
 282.105  1.5  180 
 281.988  0.5  180 


# Contour 4, label:      170
 271.166  88.5  170 
 271.29  87.5  170 
 271.409  86.5  170 
 271.5  85.6923  170 
 271.522  85.5  170 
 271.629  84.5  170 
 271.729  83.5  170 
 271.825  82.5  170 
 271.914  81.5  170 
 271.997  80.5  170 
 272.075  79.5  170 
 272.147  78.5  170 
 272.213  77.5  170 
 272.274  76.5  170 
 272.328  75.5  170 
 272.376  74.5  170 
 272.419  73.5  170 
 272.456  72.5  170 
 272.487  71.5  170 
 272.5  71  170 
 272.513  70.5  170 
 272.532  69.5  170 
 272.546  68.5  170 
 272.554  67.5  170 
 272.544  66.5  170 
 272.528  65.5  170 
 272.505  64.5  170 
 272.5  64.3077  170 
 272.477  63.5  170 
 272.444  62.5  170 
 272.404  61.5  170 
 272.359  60.5  170 
 272.308  59.5  170 
 272.251  58.5  170 
 272.189  57.5  170 
 272.12  56.5  170 
 272.046  55.5  170 
 271.966  54.5  170 
 271.88  53.5  170 
 271.789  52.5  170 
 271.691  51.5  170 
 271.589  50.5  170 
 271.5  49.6881  170 
 271.479  49.5  170 
 271.365  48.5  170 
 271.244  47.5  170 
 271.118  46.5  170 
 270.986  45.5  170 
 270.849  44.5  170 
 270.986  43.5  170 
 271.118  42.5  170 
 271.244  41.5  170 
 271.365  40.5  170 
 271.479  39.5  170 
 271.5  39.3119  170 
 271.589  38.5  170 
 271.691  37.5  170 
 271.789  36.5  170 
 271.88  35.5  170 
 271.966  34.5  170 
 272.046  33.5  170 
 272.12  32.5  170 
 272.189  31.5  170 
 272.251  30.5  170 
 272.308  29.5  170 
 272.359  28.5  170 
 272.404  27.5  170 
 272.444  26.5  170 
 272.477  25.5  170 
 272.5  24.6923  170 
 272.505  24.5  170 
 272.528  23.5  170 
 272.544  22.5  170 
 272.554  21.5  170 
 272.546  20.5  170 
 272.532  19.5  170 
 272.513  18.5  170 
 272.5  18  170 
 272.487  17.5  170 
 272.456  16.5  170 
 272.419  15.5  170 
 272.376  14.5  170 
 272.328  13.5  170 
 272.274  12.5  170 
 272.213  11.5  170 
 272.147  10.5  170 
 272.075  9.5  170 
 271.997  8.5  170 
 271.914  7.5  170 
 271.825  6.5  170 
 271.729  5.5  170 
 271.629  4.5  170 
 271.522  3.5  170 
 271.5  3.30769  170 
 271.409  2.5  170 
 271.29  1.5  170 
 271.166  0.5  170 


# Contour 5, label:      160
 260.334  88.5  160 
 260.466  87.5  160 
 260.5  87.2328  160 
 260.592  86.5  160 
 260.711  85.5  160 
 260.824  84.5  160 
 260.931  83.5  160 
 261.031  82.5  160 
 261.126  81.5  160 
 261.214  80.5  160 
 261.296  79.5  160 
 261.373  78.5  160 
 261.443  77.5  160 
 261.5  76.6017  160 
 261.506  76.5  160 
 261.564  75.5  160 
 261.615  74.5  160 
 261.66  73.5  160 
 261.699  72.5  160 
 261.732  71.5  160 
 261.758  70.5  160 
 261.778  69.5  160 
 261.792  68.5  160 
 261.8  67.5  160 
 261.789  66.5  160 
 261.772  65.5  160 
 261.748  64.5  160 
 261.719  63.5  160 
 261.682  62.5  160 
 261.64  61.5  160 
 261.591  60.5  160 
 261.537  59.5  160 
 261.5  58.8929  160 
 261.476  58.5  160 
 261.409  57.5  160 
 261.337  56.5  160 
 261.258  55.5  160 
 261.173  54.5  160 
 261.081  53.5  160 
 260.984  52.5  160 
 260.881  51.5  160 
 260.771  50.5  160 
 260.655  49.5  160 
 260.533  48.5  160 
 260.5  48.2458  160 
 260.405  47.5  160 
 260.27  46.5  160 
 260.13  45.5  160 
 259.984  44.5  160 
 260.13  43.5  160 
 260.27  42.5  160 
 260.405  41.5  160 
 260.5  40.7542  160 
 260.533  40.5  160 
 260.655  39.5  160 
 260.771  38.5  160 
 260.881  37.5  160 
 260.984  36.5  160 
 261.081  35.5  160 
 261.173  34.5  160 
 261.258  33.5  160 
 261.337  32.5  160 
 261.409  31.5  160 
 261.476  30.5  160 
 261.5  30.1071  160 
 261.537  29.5  160 
 261.591  28.5  160 
 261.64  27.5  160 
 261.682  26.5  160 
 261.719  25.5  160 
 261.748  24.5  160 
 261.772  23.5  160 
 261.789  22.5  160 
 261.8  21.5  160 
 261.792  20.5  160 
 261.778  19.5  160 
 261.758  18.5  160 
 261.732  17.5  160 
 261.699  16.5  160 
 261.66  15.5  160 
 261.615  14.5  160 
 261.564  13.5  160 
 261.506  12.5  160 
 261.5  12.3983  160 
 261.443  11.5  160 
 261.373  10.5  160 
 261.296  9.5  160 
 261.214  8.5  160 
 261.126  7.5  160 
 261.031  6.5  160 
 260.931  5.5  160 
 260.824  4.5  160 
 260.711  3.5  160 
 260.592  2.5  160 
 260.5  1.76724  160 
 260.466  1.5  160 
 260.334  0.5  160 


# Contour 6, label:      150
 249.493  88.5  150 
 249.5  88.4538  150 
 249.634  87.5  150 
 249.767  86.5  150 
 249.894  85.5  150 
 250.014  84.5  150 
 250.127  83.5  150 
 250.234  82.5  150 
 250.335  81.5  150 
 250.429  80.5  150 
 250.5  79.6852  150 
 250.516  79.5  150 
 250.596  78.5  150 
 250.67  77.5  150 
 250.738  76.5  150 
 250.798  75.5  150 
 250.853  74.5  150 
 250.9  73.5  150 
 250.941  72.5  150 
 250.976  71.5  150 
 251.003  70.5  150 
 251.025  69.5  150 
 251.039  68.5  150 
 251.046  67.5  150 
 251.034  66.5  150 
 251.016  65.5  150 
 250.991  64.5  150 
 250.959  63.5  150 
 250.921  62.5  150 
 250.876  61.5  150 
 250.825  60.5  150 
 250.767  59.5  150 
 250.703  58.5  150 
 250.631  57.5  150 
 250.554  56.5  150 
 250.5  55.859  150 
 250.47  55.5  150 
 250.379  54.5  150 
 250.282  53.5  150 
 250.178  52.5  150 
 250.068  51.5  150 
 249.951  50.5  150 
 249.828  49.5  150 
 249.698  48.5  150 
 249.562  47.5  150 
 249.5  47.0682  150 
 249.419  46.5  150 
 249.27  45.5  150 
 249.113  44.5  150 
 249.27  43.5  150 
 249.419  42.5  150 
 249.5  41.9318  150 
 249.562  41.5  150 
 249.698  40.5  150 
 249.828  39.5  150 
 249.951  38.5  150 
 250.068  37.5  150 
 250.178  36.5  150 
 250.282  35.5  150 
 250.379  34.5  150 
 250.47  33.5  150 
 250.5  33.141  150 
 250.554  32.5  150 
 250.631  31.5  150 
 250.703  30.5  150 
 250.767  29.5  150 
 250.825  28.5  150 
 250.876  27.5  150 
 250.921  26.5  150 
 250.959  25.5  150 
 250.991  24.5  150 
 251.016  23.5  150 
 251.034  22.5  150 
 251.046  21.5  150 
 251.039  20.5  150 
 251.025  19.5  150 
 251.003  18.5  150 
 250.976  17.5  150 
 250.941  16.5  150 
 250.9  15.5  150 
 250.853  14.5  150 
 250.798  13.5  150 
 250.738  12.5  150 
 250.67  11.5  150 
 250.596  10.5  150 
 250.516  9.5  150 
 250.5  9.31481  150 
 250.429  8.5  150 
 250.335  7.5  150 
 250.234  6.5  150 
 250.127  5.5  150 
 250.014  4.5  150 
 249.894  3.5  150 
 249.767  2.5  150 
 249.634  1.5  150 
 249.5  0.546154  150 
 249.493  0.5  150 


# Contour 7, label:      140
 238.64  88.5  140 
 238.79  87.5  140 
 238.932  86.5  140 
 239.068  85.5  140 
 239.196  84.5  140 
 239.316  83.5  140 
 239.431  82.5  140 
 239.5  81.8535  140 
 239.538  81.5  140 
 239.637  80.5  140 
 239.731  79.5  140 
 239.816  78.5  140 
 239.895  77.5  140 
 239.967  76.5  140 
 240.031  75.5  140 
 240.089  74.5  140 
 240.139  73.5  140 
 240.183  72.5  140 
 240.219  71.5  140 
 240.248  70.5  140 
 240.27  69.5  140 
 240.285  68.5  140 
 240.291  67.5  140 
 240.28  66.5  140 
 240.26  65.5  140 
 240.233  64.5  140 
 240.2  63.5  140 
 240.159  62.5  140 
 240.11  61.5  140 
 240.055  60.5  140 
 239.994  59.5  140 
 239.925  58.5  140 
 239.848  57.5  140 
 239.766  56.5  140 
 239.676  55.5  140 
 239.58  54.5  140 
 239.5  53.7292  140 
 239.476  53.5  140 
 239.365  52.5  140 
 239.248  51.5  140 
 239.123  50.5  140 
 238.991  49.5  140 
 238.853  48.5  140 
 238.707  47.5  140 
 238.554  46.5  140 
 238.5  46.1599  140 
 238.394  45.5  140 
 238.227  44.5  140 
 238.394  43.5  140 
 238.5  42.8401  140 
 238.554  42.5  140 
 238.707  41.5  140 
 238.853  40.5  140 
 238.991  39.5  140 
 239.123  38.5  140 
 239.248  37.5  140 
 239.365  36.5  140 
 239.476  35.5  140 
 239.5  35.2708  140 
 239.58  34.5  140 
 239.676  33.5  140 
 239.766  32.5  140 
 239.848  31.5  140 
 239.925  30.5  140 
 239.994  29.5  140 
 240.055  28.5  140 
 240.11  27.5  140 
 240.159  26.5  140 
 240.2  25.5  140 
 240.233  24.5  140 
 240.26  23.5  140 
 240.28  22.5  140 
 240.291  21.5  140 
 240.285  20.5  140 
 240.27  19.5  140 
 240.248  18.5  140 
 240.219  17.5  140 
 240.183  16.5  140 
 240.139  15.5  140 
 240.089  14.5  140 
 240.031  13.5  140 
 239.967  12.5  140 
 239.895  11.5  140 
 239.816  10.5  140 
 239.731  9.5  140 
 239.637  8.5  140 
 239.538  7.5  140 
 239.5  7.14646  140 
 239.431  6.5  140 
 239.316  5.5  140 
 239.196  4.5  140 
 239.068  3.5  140 
 238.932  2.5  140 
 238.79  1.5  140 
 238.64  0.5  140 


# Contour 8, label:      130
 227.77  88.5  130 
 227.93  87.5  130 
 228.083  86.5  130 
 228.228  85.5  130 
 228.366  84.5  130 
 228.496  83.5  130 
 228.5  83.4646  130 
 228.618  82.5  130 
 228.732  81.5  130 
 228.839  80.5  130 
 228.939  79.5  130 
 229.031  78.5  130 
 229.115  77.5  130 
 229.192  76.5  130 
 229.261  75.5  130 
 229.322  74.5  130 
 229.376  73.5  130 
 229.423  72.5  130 
 229.461  71.5  130 
 229.492  70.5  130 
 229.5  70.1667  130 
 229.515  69.5  130 
 229.53  68.5  130 
 229.537  67.5  130 
 229.524  66.5  130 
 229.502  65.5  130 
 229.5  65.4259  130 
 229.473  64.5  130 
 229.436  63.5  130 
 229.392  62.5  130 
 229.341  61.5  130 
 229.281  60.5  130 
 229.215  59.5  130 
 229.141  58.5  130 
 229.059  57.5  130 
 228.97  56.5  130 
 228.874  55.5  130 
 228.769  54.5  130 
 228.658  53.5  130 
 228.539  52.5  130 
 228.5  52.1923  130 
 228.412  51.5  130 
 228.278  50.5  130 
 228.136  49.5  130 
 227.987  48.5  130 
 227.83  47.5  130 
 227.666  46.5  130 
 227.5  45.538  130 
 227.493  45.5  130 
 227.314  44.5  130 
 227.493  43.5  130 
 227.5  43.462  130 
 227.666  42.5  130 
 227.83  41.5  130 
 227.987  40.5  130 
 228.136  39.5  130 
 228.278  38.5  130 
 228.412  37.5  130 
 228.5  36.8077  130 
 228.539  36.5  130 
 228.658  35.5  130 
 228.769  34.5  130 
 228.874  33.5  130 
 228.97  32.5  130 
 229.059  31.5  130 
 229.141  30.5  130 
 229.215  29.5  130 
 229.281  28.5  130 
 229.341  27.5  130 
 229.392  26.5  130 
 229.436  25.5  130 
 229.473  24.5  130 
 229.5  23.5741  130 
 229.502  23.5  130 
 229.524  22.5  130 
 229.537  21.5  130 
 229.53  20.5  130 
 229.515  19.5  130 
 229.5  18.8333  130 
 229.492  18.5  130 
 229.461  17.5  130 
 229.423  16.5  130 
 229.376  15.5  130 
 229.322  14.5  130 
 229.261  13.5  130 
 229.192  12.5  130 
 229.115  11.5  130 
 229.031  10.5  130 
 228.939  9.5  130 
 228.839  8.5  130 
 228.732  7.5  130 
 228.618  6.5  130 
 228.5  5.5354  130 
 228.496  5.5  130 
 228.366  4.5  130 
 228.228  3.5  130 
 228.083  2.5  130 
 227.93  1.5  130 
 227.77  0.5  130 


# Contour 9, label:      120
 216.883  88.5  120 
 217.056  87.5  120 
 217.221  86.5  120 
 217.377  85.5  120 
 217.5  84.6691  120 
 217.525  84.5  120 
 217.666  83.5  120 
 217.797  82.5  120 
 217.921  81.5  120 
 218.036  80.5  120 
 218.143  79.5  120 
 218.242  78.5  120 
 218.333  77.5  120 
 218.415  76.5  120 
 218.489  75.5  120 
 218.5  75.3361  120 
 218.555  74.5  120 
 218.613  73.5  120 
 218.662  72.5  120 
 218.703  71.5  120 
 218.736  70.5  120 
 218.76  69.5  120 
 218.775  68.5  120 
 218.781  67.5  120 
 218.767  66.5  120 
 218.744  65.5  120 
 218.713  64.5  120 
 218.674  63.5  120 
 218.627  62.5  120 
 218.571  61.5  120 
 218.508  60.5  120 
 218.5  60.3955  120 
 218.435  59.5  120 
 218.355  58.5  120 
 218.268  57.5  120 
 218.172  56.5  120 
 218.068  55.5  120 
 217.956  54.5  120 
 217.835  53.5  120 
 217.707  52.5  120 
 217.57  51.5  120 
 217.5  51.0149  120 
 217.425  50.5  120 
 217.273  49.5  120 
 217.112  48.5  120 
 216.942  47.5  120 
 216.765  46.5  120 
 216.58  45.5  120 
 216.5  45.0876  120 
 216.386  44.5  120 
 216.5  43.9124  120 
 216.58  43.5  120 
 216.765  42.5  120 
 216.942  41.5  120 
 217.112  40.5  120 
 217.273  39.5  120 
 217.425  38.5  120 
 217.5  37.9851  120 
 217.57  37.5  120 
 217.707  36.5  120 
 217.835  35.5  120 
 217.956  34.5  120 
 218.068  33.5  120 
 218.172  32.5  120 
 218.268  31.5  120 
 218.355  30.5  120 
 218.435  29.5  120 
 218.5  28.6045  120 
 218.508  28.5  120 
 218.571  27.5  120 
 218.627  26.5  120 
 218.674  25.5  120 
 218.713  24.5  120 
 218.744  23.5  120 
 218.767  22.5  120 
 218.781  21.5  120 
 218.775  20.5  120 
 218.76  19.5  120 
 218.736  18.5  120 
 218.703  17.5  120 
 218.662  16.5  120 
 218.613  15.5  120 
 218.555  14.5  120 
 218.5  13.6639  120 
 218.489  13.5  120 
 218.415  12.5  120 
 218.333  11.5  120 
 218.242  10.5  120 
 218.143  9.5  120 
 218.036  8.5  120 
 217.921  7.5  120 
 217.797  6.5  120 
 217.666  5.5  120 
 217.525  4.5  120 
 217.5  4.33088  120 
 217.377  3.5  120 
 217.221  2.5  120 
 217.056  1.5  120 
 216.883  0.5  120 


# Contour 10, label:      110
 205.971  88.5  110 
 206.158  87.5  110 
 206.338  86.5  110 
 206.5  85.5387  110 
 206.507  85.5  110 
 206.667  84.5  110 
 206.819  83.5  110 
 206.962  82.5  110 
 207.096  81.5  110 
 207.221  80.5  110 
 207.337  79.5  110 
 207.444  78.5  110 
 207.5  77.9286  110 
 207.542  77.5  110 
 207.631  76.5  110 
 207.711  75.5  110 
 207.782  74.5  110 
 207.846  73.5  110 
 207.898  72.5  110 
 207.943  71.5  110 
 207.978  70.5  110 
 208.004  69.5  110 
 208.02  68.5  110 
 208.024  67.5  110 
 208.009  66.5  110 
 207.984  65.5  110 
 207.951  64.5  110 
 207.908  63.5  110 
 207.856  62.5  110 
 207.796  61.5  110 
 207.727  60.5  110 
 207.648  59.5  110 
 207.562  58.5  110 
 207.5  57.8596  110 
 207.465  57.5  110 
 207.361  56.5  110 
 207.248  55.5  110 
 207.126  54.5  110 
 206.995  53.5  110 
 206.855  52.5  110 
 206.707  51.5  110 
 206.55  50.5  110 
 206.5  50.1993  110 
 206.383  49.5  110 
 206.209  48.5  110 
 206.025  47.5  110 
 205.833  46.5  110 
 205.632  45.5  110 
 205.5  44.875  110 
 205.421  44.5  110 
 205.5  44.125  110 
 205.632  43.5  110 
 205.833  42.5  110 
 206.025  41.5  110 
 206.209  40.5  110 
 206.383  39.5  110 
 206.5  38.8007  110 
 206.55  38.5  110 
 206.707  37.5  110 
 206.855  36.5  110 
 206.995  35.5  110 
 207.126  34.5  110 
 207.248  33.5  110 
 207.361  32.5  110 
 207.465  31.5  110 
 207.5  31.1404  110 
 207.562  30.5  110 
 207.648  29.5  110 
 207.727  28.5  110 
 207.796  27.5  110 
 207.856  26.5  110 
 207.908  25.5  110 
 207.951  24.5  110 
 207.984  23.5  110 
 208.009  22.5  110 
 208.024  21.5  110 
 208.02  20.5  110 
 208.004  19.5  110 
 207.978  18.5  110 
 207.943  17.5  110 
 207.898  16.5  110 
 207.846  15.5  110 
 207.782  14.5  110 
 207.711  13.5  110 
 207.631  12.5  110 
 207.542  11.5  110 
 207.5  11.0714  110 
 207.444  10.5  110 
 207.337  9.5  110 
 207.221  8.5  110 
 207.096  7.5  110 
 206.962  6.5  110 
 206.819  5.5  110 
 206.667  4.5  110 
 206.507  3.5  110 
 206.5  3.46129  110 
 206.338  2.5  110 
 206.158  1.5  110 
 205.971  0.5  110 


# Contour 11, label:      100
 195.025  88.5  100 
 195.231  87.5  100 
 195.427  86.5  100 
 195.5  86.1057  100 
 195.612  85.5  100 
 195.788  84.5  100 
 195.954  83.5  100 
 196.11  82.5  100 
 196.256  81.5  100 
 196.393  80.5  100 
 196.5  79.6553  100 
 196.52  79.5  100 
 196.637  78.5  100 
 196.744  77.5  100 
 196.841  76.5  100 
 196.929  75.5  100 
 197.007  74.5  100 
 197.075  73.5  100 
 197.133  72.5  100 
 197.181  71.5  100 
 197.219  70.5  100 
 197.247  69.5  100 
 197.264  68.5  100 
 197.267  67.5  100 
 197.25  66.5  100 
 197.223  65.5  100 
 197.186  64.5  100 
 197.139  63.5  100 
 197.083  62.5  100 
 197.017  61.5  100 
 196.941  60.5  100 
 196.855  59.5  100 
 196.76  58.5  100 
 196.655  57.5  100 
 196.541  56.5  100 
 196.5  56.1719  100 
 196.417  55.5  100 
 196.283  54.5  100 
 196.139  53.5  100 
 195.987  52.5  100 
 195.824  51.5  100 
 195.652  50.5  100 
 195.5  49.6677  100 
 195.469  49.5  100 
 195.278  48.5  100 
 195.077  47.5  100 
 194.866  46.5  100 
 194.645  45.5  100 
 194.5  44.8681  100 
 194.415  44.5  100 
 194.5  44.1319  100 
 194.645  43.5  100 
 194.866  42.5  100 
 195.077  41.5  100 
 195.278  40.5  100 
 195.469  39.5  100 
 195.5  39.3323  100 
 195.652  38.5  100 
 195.824  37.5  100 
 195.987  36.5  100 
 196.139  35.5  100 
 196.283  34.5  100 
 196.417  33.5  100 
 196.5  32.8281  100 
 196.541  32.5  100 
 196.655  31.5  100 
 196.76  30.5  100 
 196.855  29.5  100 
 196.941  28.5  100 
 197.017  27.5  100 
 197.083  26.5  100 
 197.139  25.5  100 
 197.186  24.5  100 
 197.223  23.5  100 
 197.25  22.5  100 
 197.267  21.5  100 
 197.264  20.5  100 
 197.247  19.5  100 
 197.219  18.5  100 
 197.181  17.5  100 
 197.133  16.5  100 
 197.075  15.5  100 
 197.007  14.5  100 
 196.929  13.5  100 
 196.841  12.5  100 
 196.744  11.5  100 
 196.637  10.5  100 
 196.52  9.5  100 
 196.5  9.34471  100 
 196.393  8.5  100 
 196.256  7.5  100 
 196.11  6.5  100 
 195.954  5.5  100 
 195.788  4.5  100 
 195.612  3.5  100 
 195.5  2.89435  100 
 195.427  2.5  100 
 195.231  1.5  100 
 195.025  0.5  100 


# Contour 12, label:       90
 184.691  3.5  90 
 184.5  2.57032  90 
 184.486  2.5  90 
 184.269  1.5  90 
 184.042  0.5  90 

# Contour 13, label: 
 184.042  88.5  90 
 184.269  87.5  90 
 184.486  86.5  90 
 184.5  86.4297  90 
 184.691  85.5  90 
 184.885  84.5  90 
 185.068  83.5  90 
 185.24  82.5  90 
 185.402  81.5  90 
 185.5  80.8494  90 
 185.553  80.5  90 
 185.692  79.5  90 
 185.821  78.5  90 
 185.939  77.5  90 
 186.046  76.5  90 
 186.143  75.5  90 
 186.228  74.5  90 
 186.303  73.5  90 
 186.366  72.5  90 
 186.419  71.5  90 
 186.46  70.5  90 
 186.491  69.5  90 
 186.5  68.9884  90 
 186.509  68.5  90 
 186.509  67.5  90 
 186.5  66.979  90 
 186.491  66.5  90 
 186.462  65.5  90 
 186.421  64.5  90 
 186.37  63.5  90 
 186.308  62.5  90 
 186.235  61.5  90 
 186.152  60.5  90 
 186.058  59.5  90 
 185.953  58.5  90 
 185.838  57.5  90 
 185.712  56.5  90 
 185.575  55.5  90 
 185.5  54.9893  90 
 185.428  54.5  90 
 185.27  53.5  90 
 185.101  52.5  90 
 184.922  51.5  90 
 184.732  50.5  90 
 184.531  49.5  90 
 184.5  49.3543  90 
 184.319  48.5  90 
 184.097  47.5  90 
 183.864  46.5  90 
 183.62  45.5  90 
 183.5  45.0267  90 
 183.366  44.5  90 
 183.5  43.9733  90 
 183.62  43.5  90 
 183.864  42.5  90 
 184.097  41.5  90 
 184.319  40.5  90 
 184.5  39.6457  90 
 184.531  39.5  90 
 184.732  38.5  90 
 184.922  37.5  90 
 185.101  36.5  90 
 185.27  35.5  90 
 185.428  34.5  90 
 185.5  34.0107  90 
 185.575  33.5  90 
 185.712  32.5  90 
 185.838  31.5  90 
 185.953  30.5  90 
 186.058  29.5  90 
 186.152  28.5  90 
 186.235  27.5  90 
 186.308  26.5  90 
 186.37  25.5  90 
 186.421  24.5  90 
 186.462  23.5  90 
 186.491  22.5  90 
 186.5  22.021  90 
 186.509  21.5  90 
 186.509  20.5  90 
 186.5  20.0116  90 
 186.491  19.5  90 
 186.46  18.5  90 
 186.419  17.5  90 
 186.366  16.5  90 
 186.303  15.5  90 
 186.228  14.5  90 
 186.143  13.5  90 
 186.046  12.5  90 
 185.939  11.5  90 
 185.821  10.5  90 
 185.692  9.5  90 
 185.553  8.5  90 
 185.5  8.15058  90 
 185.402  7.5  90 
 185.24  6.5  90 
 185.068  5.5  90 
 184.885  4.5  90 
 184.691  3.5  90 


# Contour 14, label:       80
 173.734  3.5  80 
 173.505  2.5  80 
 173.5  2.48035  80 
 173.263  1.5  80 
 173.009  0.5  80 

# Contour 15, label: 
 173.009  88.5  80 
 173.263  87.5  80 
 173.5  86.5197  80 
 173.505  86.5  80 
 173.734  85.5  80 
 173.95  84.5  80 
 174.155  83.5  80 
 174.347  82.5  80 
 174.5  81.648  80 
 174.527  81.5  80 
 174.694  80.5  80 
 174.85  79.5  80 
 174.993  78.5  80 
 175.124  77.5  80 
 175.243  76.5  80 
 175.35  75.5  80 
 175.444  74.5  80 
 175.5  73.8246  80 
 175.527  73.5  80 
 175.597  72.5  80 
 175.655  71.5  80 
 175.7  70.5  80 
 175.734  69.5  80 
 175.753  68.5  80 
 175.751  67.5  80 
 175.731  66.5  80 
 175.699  65.5  80 
 175.654  64.5  80 
 175.597  63.5  80 
 175.529  62.5  80 
 175.5  62.1449  80 
 175.448  61.5  80 
 175.355  60.5  80 
 175.251  59.5  80 
 175.134  58.5  80 
 175.006  57.5  80 
 174.865  56.5  80 
 174.713  55.5  80 
 174.549  54.5  80 
 174.5  54.2232  80 
 174.373  53.5  80 
 174.184  52.5  80 
 173.984  51.5  80 
 173.773  50.5  80 
 173.549  49.5  80 
 173.5  49.2934  80 
 173.313  48.5  80 
 173.065  47.5  80 
 172.805  46.5  80 
 172.533  45.5  80 
 172.5  45.3834  80 
 172.249  44.5  80 
 172.5  43.6166  80 
 172.533  43.5  80 
 172.805  42.5  80 
 173.065  41.5  80 
 173.313  40.5  80 
 173.5  39.7066  80 
 173.549  39.5  80 
 173.773  38.5  80 
 173.984  37.5  80 
 174.184  36.5  80 
 174.373  35.5  80 
 174.5  34.7768  80 
 174.549  34.5  80 
 174.713  33.5  80 
 174.865  32.5  80 
 175.006  31.5  80 
 175.134  30.5  80 
 175.251  29.5  80 
 175.355  28.5  80 
 175.448  27.5  80 
 175.5  26.8551  80 
 175.529  26.5  80 
 175.597  25.5  80 
 175.654  24.5  80 
 175.699  23.5  80 
 175.731  22.5  80 
 175.751  21.5  80 
 175.753  20.5  80 
 175.734  19.5  80 
 175.7  18.5  80 
 175.655  17.5  80 
 175.597  16.5  80 
 175.527  15.5  80 
 175.5  15.1754  80 
 175.444  14.5  80 
 175.35  13.5  80 
 175.243  12.5  80 
 175.124  11.5  80 
 174.993  10.5  80 
 174.85  9.5  80 
 174.694  8.5  80 
 174.527  7.5  80 
 174.5  7.35203  80 
 174.347  6.5  80 
 174.155  5.5  80 
 173.95  4.5  80 
 173.734  3.5  80 


# Contour 16, label:       70
 162.717  3.5  70 
 162.5  2.6611  70 
 162.458  2.5  70 
 162.185  1.5  70 
 161.898  0.5  70 

# Contour 17, label: 
 161.898  88.5  70 
 162.185  87.5  70 
 162.458  86.5  70 
 162.5  86.3389  70 
 162.717  85.5  70 
 162.962  84.5  70 
 163.192  83.5  70 
 163.409  82.5  70 
 163.5  82.0538  70 
 163.612  81.5  70 
 163.802  80.5  70 
 163.977  79.5  70 
 164.139  78.5  70 
 164.287  77.5  70 
 164.422  76.5  70 
 164.5  75.8495  70 
 164.542  75.5  70 
 164.649  74.5  70 
 164.742  73.5  70 
 164.821  72.5  70 
 164.887  71.5  70 
 164.938  70.5  70 
 164.975  69.5  70 
 164.997  68.5  70 
 164.994  67.5  70 
 164.971  66.5  70 
 164.934  65.5  70 
 164.883  64.5  70 
 164.819  63.5  70 
 164.741  62.5  70 
 164.649  61.5  70 
 164.544  60.5  70 
 164.5  60.1252  70 
 164.426  59.5  70 
 164.294  58.5  70 
 164.148  57.5  70 
 163.99  56.5  70 
 163.818  55.5  70 
 163.632  54.5  70 
 163.5  53.8339  70 
 163.434  53.5  70 
 163.221  52.5  70 
 162.996  51.5  70 
 162.757  50.5  70 
 162.505  49.5  70 
 162.5  49.4811  70 
 162.239  48.5  70 
 161.96  47.5  70 
 161.667  46.5  70 
 161.5  45.9557  70 
 161.36  45.5  70 
 161.039  44.5  70 
 161.36  43.5  70 
 161.5  43.0443  70 
 161.667  42.5  70 
 161.96  41.5  70 
 162.239  40.5  70 
 162.5  39.5189  70 
 162.505  39.5  70 
 162.757  38.5  70 
 162.996  37.5  70 
 163.221  36.5  70 
 163.434  35.5  70 
 163.5  35.1661  70 
 163.632  34.5  70 
 163.818  33.5  70 
 163.99  32.5  70 
 164.148  31.5  70 
 164.294  30.5  70 
 164.426  29.5  70 
 164.5  28.8748  70 
 164.544  28.5  70 
 164.649  27.5  70 
 164.741  26.5  70 
 164.819  25.5  70 
 164.883  24.5  70 
 164.934  23.5  70 
 164.971  22.5  70 
 164.994  21.5  70 
 164.997  20.5  70 
 164.975  19.5  70 
 164.938  18.5  70 
 164.887  17.5  70 
 164.821  16.5  70 
 164.742  15.5  70 
 164.649  14.5  70 
 164.542  13.5  70 
 164.5  13.1505  70 
 164.422  12.5  70 
 164.287  11.5  70 
 164.139  10.5  70 
 163.977  9.5  70 
 163.802  8.5  70 
 163.612  7.5  70 
 163.5  6.94625  70 
 163.409  6.5  70 
 163.192  5.5  70 
 162.962  4.5  70 
 162.717  3.5  70 


# Contour 18, label:       60
 151.626  3.5  60 
 151.5  3.07777  60 
 151.327  2.5  60 
 151.011  1.5  60 
 150.679  0.5  60 

# Contour 19, label: 
 150.679  88.5  60 
 151.011  87.5  60 
 151.327  86.5  60 
 151.5  85.9222  60 
 151.626  85.5  60 
 151.908  84.5  60 
 152.174  83.5  60 
 152.424  82.5  60 
 152.5  82.1742  60 
 152.657  81.5  60 
 152.875  80.5  60 
 153.077  79.5  60 
 153.262  78.5  60 
 153.432  77.5  60 
 153.5  77.0613  60 
 153.586  76.5  60 
 153.724  75.5  60 
 153.847  74.5  60 
 153.953  73.5  60 
 154.043  72.5  60 
 154.118  71.5  60 
 154.176  70.5  60 
 154.218  69.5  60 
 154.243  68.5  60 
 154.238  67.5  60 
 154.212  66.5  60 
 154.17  65.5  60 
 154.111  64.5  60 
 154.038  63.5  60 
 153.948  62.5  60 
 153.843  61.5  60 
 153.722  60.5  60 
 153.586  59.5  60 
 153.5  58.9291  60 
 153.435  58.5  60 
 153.268  57.5  60 
 153.086  56.5  60 
 152.888  55.5  60 
 152.675  54.5  60 
 152.5  53.7318  60 
 152.447  53.5  60 
 152.203  52.5  60 
 151.944  51.5  60 
 151.67  50.5  60 
 151.5  49.9138  60 
 151.38  49.5  60 
 151.074  48.5  60 
 150.752  47.5  60 
 150.5  46.7513  60 
 150.415  46.5  60 
 150.061  45.5  60 
 149.691  44.5  60 
 150.061  43.5  60 
 150.415  42.5  60 
 150.5  42.2487  60 
 150.752  41.5  60 
 151.074  40.5  60 
 151.38  39.5  60 
 151.5  39.0862  60 
 151.67  38.5  60 
 151.944  37.5  60 
 152.203  36.5  60 
 152.447  35.5  60 
 152.5  35.2682  60 
 152.675  34.5  60 
 152.888  33.5  60 
 153.086  32.5  60 
 153.268  31.5  60 
 153.435  30.5  60 
 153.5  30.0709  60 
 153.586  29.5  60 
 153.722  28.5  60 
 153.843  27.5  60 
 153.948  26.5  60 
 154.038  25.5  60 
 154.111  24.5  60 
 154.17  23.5  60 
 154.212  22.5  60 
 154.238  21.5  60 
 154.243  20.5  60 
 154.218  19.5  60 
 154.176  18.5  60 
 154.118  17.5  60 
 154.043  16.5  60 
 153.953  15.5  60 
 153.847  14.5  60 
 153.724  13.5  60 
 153.586  12.5  60 
 153.5  11.9387  60 
 153.432  11.5  60 
 153.262  10.5  60 
 153.077  9.5  60 
 152.875  8.5  60 
 152.657  7.5  60 
 152.5  6.82581  60 
 152.424  6.5  60 
 152.174  5.5  60 
 151.908  4.5  60 
 151.626  3.5  60 


# Contour 20, label:       50
 141.359  6.5  50 
 141.064  5.5  50 
 140.75  4.5  50 
 140.5  3.74983  50 
 140.416  3.5  50 
 140.062  2.5  50 
 139.688  1.5  50 
 139.5  1.02098  50 
 139.294  0.5  50 

# Contour 21, label: 
 139.294  88.5  50 
 139.5  87.979  50 
 139.688  87.5  50 
 140.062  86.5  50 
 140.416  85.5  50 
 140.5  85.2502  50 
 140.75  84.5  50 
 141.064  83.5  50 
 141.359  82.5  50 
 141.5  81.9871  50 
 141.634  81.5  50 
 141.89  80.5  50 
 142.127  79.5  50 
 142.345  78.5  50 
 142.5  77.7244  50 
 142.545  77.5  50 
 142.725  76.5  50 
 142.887  75.5  50 
 143.03  74.5  50 
 143.154  73.5  50 
 143.259  72.5  50 
 143.346  71.5  50 
 143.413  70.5  50 
 143.46  69.5  50 
 143.489  68.5  50 
 143.48  67.5  50 
 143.45  66.5  50 
 143.401  65.5  50 
 143.333  64.5  50 
 143.247  63.5  50 
 143.142  62.5  50 
 143.019  61.5  50 
 142.878  60.5  50 
 142.718  59.5  50 
 142.54  58.5  50 
 142.5  58.2957  50 
 142.344  57.5  50 
 142.13  56.5  50 
 141.898  55.5  50 
 141.648  54.5  50 
 141.5  53.9466  50 
 141.38  53.5  50 
 141.094  52.5  50 
 140.79  51.5  50 
 140.5  50.5983  50 
 140.468  50.5  50 
 140.128  49.5  50 
 139.768  48.5  50 
 139.5  47.7889  50 
 139.39  47.5  50 
 138.993  46.5  50 
 138.576  45.5  50 
 138.5  45.3258  50 
 138.138  44.5  50 
 138.5  43.6742  50 
 138.576  43.5  50 
 138.993  42.5  50 
 139.39  41.5  50 
 139.5  41.2111  50 
 139.768  40.5  50 
 140.128  39.5  50 
 140.468  38.5  50 
 140.5  38.4017  50 
 140.79  37.5  50 
 141.094  36.5  50 
 141.38  35.5  50 
 141.5  35.0534  50 
 141.648  34.5  50 
 141.898  33.5  50 
 142.13  32.5  50 
 142.344  31.5  50 
 142.5  30.7043  50 
 142.54  30.5  50 
 142.718  29.5  50 
 142.878  28.5  50 
 143.019  27.5  50 
 143.142  26.5  50 
 143.247  25.5  50 
 143.333  24.5  50 
 143.401  23.5  50 
 143.45  22.5  50 
 143.48  21.5  50 
 143.489  20.5  50 
 143.46  19.5  50 
 143.413  18.5  50 
 143.346  17.5  50 
 143.259  16.5  50 
 143.154  15.5  50 
 143.03  14.5  50 
 142.887  13.5  50 
 142.725  12.5  50 
 142.545  11.5  50 
 142.5  11.2756  50 
 142.345  10.5  50 
 142.127  9.5  50 
 141.89  8.5  50 
 141.634  7.5  50 
 141.5  7.01286  50 
 141.359  6.5  50 


# Contour 22, label:       40
 0.5  16.0534  40 
 0.803129  15.5  40 
 1.37341  14.5  40 
 1.5  14.2859  40 
 1.97191  13.5  40 
 2.5  12.6537  40 
 2.5975  12.5  40 
 3.25283  11.5  40 
 3.5  11.135  40 
 3.93765  10.5  40 
 4.5  9.70973  40 
 4.65204  9.5  40 
 5.39751  8.5  40 
 5.5  8.36592  40 
 6.1748  7.5  40 
 6.5  7.09303  40 
 6.98328  6.5  40 
 7.5  5.87995  40 
 7.82296  5.5  40 
 8.5  4.71932  40 
 8.69399  4.5  40 
 9.5  3.60481  40 
 9.59622  3.5  40 
 10.5  2.53096  40 
 10.5294  2.5  40 
 11.4933  1.5  40 
 11.5  1.49319  40 
 12.4878  0.5  40 

# Contour 23, label: 
 131.5  11.1064  40 
 131.353  10.5  40 
 131.087  9.5  40 
 130.799  8.5  40 
 130.5  7.53945  40 
 130.488  7.5  40 
 130.153  6.5  40 
 129.794  5.5  40 
 129.5  4.72942  40 
 129.412  4.5  40 
 129.004  3.5  40 
 128.571  2.5  40 
 128.5  2.34393  40 
 128.112  1.5  40 
 127.625  0.5  40 

# Contour 24, label: 
 127.625  88.5  40 
 128.112  87.5  40 
 128.5  86.6561  40 
 128.571  86.5  40 
 129.004  85.5  40 
 129.412  84.5  40 
 129.5  84.2706  40 
 129.794  83.5  40 
 130.153  82.5  40 
 130.488  81.5  40 
 130.5  81.4605  40 
 130.799  80.5  40 
 131.087  79.5  40 
 131.353  78.5  40 
 131.5  77.8936  40 
 131.595  77.5  40 
 131.815  76.5  40 
 132.011  75.5  40 
 132.185  74.5  40 
 132.335  73.5  40 
 132.462  72.5  40 
 132.5  72.129  40 
 132.565  71.5  40 
 132.644  70.5  40 
 132.7  69.5  40 
 132.731  68.5  40 
 132.721  67.5  40 
 132.685  66.5  40 
 132.627  65.5  40 
 132.546  64.5  40 
 132.5  64.0545  40 
 132.442  63.5  40 
 132.316  62.5  40 
 132.166  61.5  40 
 131.995  60.5  40 
 131.801  59.5  40 
 131.586  58.5  40 
 131.5  58.1356  40 
 131.349  57.5  40 
 131.091  56.5  40 
 130.812  55.5  40 
 130.511  54.5  40 
 130.5  54.4646  40 
 130.189  53.5  40 
 129.845  52.5  40 
 129.5  51.5568  40 
 129.479  51.5  40 
 129.09  50.5  40 
 128.678  49.5  40 
 128.5  49.0883  40 
 128.243  48.5  40 
 127.783  47.5  40 
 127.5  46.9143  40 
 127.298  46.5  40 
 126.787  45.5  40 
 126.5  44.9634  40 
 126.249  44.5  40 
 126.5  44.0366  40 
 126.787  43.5  40 
 127.298  42.5  40 
 127.5  42.0857  40 
 127.783  41.5  40 
 128.243  40.5  40 
 128.5  39.9117  40 
 128.678  39.5  40 
 129.09  38.5  40 
 129.479  37.5  40 
 129.5  37.4432  40 
 129.845  36.5  40 
 130.189  35.5  40 
 130.5  34.5354  40 
 130.511  34.5  40 
 130.812  33.5  40 
 131.091  32.5  40 
 131.349  31.5  40 
 131.5  30.8644  40 
 131.586  30.5  40 
 131.801  29.5  40 
 131.995  28.5  40 
 132.166  27.5  40 
 132.316  26.5  40 
 132.442  25.5  40 
 132.5  24.9455  40 
 132.546  24.5  40 
 132.627  23.5  40 
 132.685  22.5  40 
 132.721  21.5  40 
 132.731  20.5  40 
 132.7  19.5  40 
 132.644  18.5  40 
 132.565  17.5  40 
 132.5  16.871  40 
 132.462  16.5  40 
 132.335  15.5  40 
 132.185  14.5  40 
 132.011  13.5  40 
 131.815  12.5  40 
 131.595  11.5  40 
 131.5  11.1064  40 

# Contour 25, label: 
 12.4878  88.5  40 
 11.5  87.5068  40 
 11.4933  87.5  40 
 10.5294  86.5  40 
 10.5  86.469  40 
 9.59622  85.5  40 
 9.5  85.3952  40 
 8.69399  84.5  40 
 8.5  84.2807  40 
 7.82296  83.5  40 
 7.5  83.1201  40 
 6.98328  82.5  40 
 6.5  81.907  40 
 6.1748  81.5  40 
 5.5  80.6341  40 
 5.39751  80.5  40 
 4.65204  79.5  40 
 4.5  79.2903  40 
 3.93765  78.5  40 
 3.5  77.865  40 
 3.25283  77.5  40 
 2.5975  76.5  40 
 2.5  76.3463  40 
 1.97191  75.5  40 
 1.5  74.7141  40 
 1.37341  74.5  40 
 0.803129  73.5  40 
 0.5  72.9466  40 


# Contour 26, label:       30
 121.301  14.5  30 
 121.084  13.5  30 
 120.838  12.5  30 
 120.564  11.5  30 
 120.5  11.2899  30 
 120.259  10.5  30 
 119.924  9.5  30 
 119.559  8.5  30 
 119.5  8.34878  30 
 119.163  7.5  30 
 118.734  6.5  30 
 118.5  5.99047  30 
 118.272  5.5  30 
 117.775  4.5  30 
 117.5  3.98001  30 
 117.242  3.5  30 
 116.672  2.5  30 
 116.5  2.21472  30 
 116.061  1.5  30 
 115.5  0.635437  30 
 115.41  0.5  30 

# Contour 27, label: 
 115.41  88.5  30 
 115.5  88.3646  30 
 116.061  87.5  30 
 116.5  86.7853  30 
 116.672  86.5  30 
 117.242  85.5  30 
 117.5  85.02  30 
 117.775  84.5  30 
 118.272  83.5  30 
 118.5  83.0095  30 
 118.734  82.5  30 
 119.163  81.5  30 
 119.5  80.6512  30 
 119.559  80.5  30 
 119.924  79.5  30 
 120.259  78.5  30 
 120.5  77.7101  30 
 120.564  77.5  30 
 120.838  76.5  30 
 121.084  75.5  30 
 121.301  74.5  30 
 121.489  73.5  30 
 121.5  73.4291  30 
 121.647  72.5  30 
 121.775  71.5  30 
 121.874  70.5  30 
 121.941  69.5  30 
 121.978  68.5  30 
 121.966  67.5  30 
 121.923  66.5  30 
 121.851  65.5  30 
 121.751  64.5  30 
 121.621  63.5  30 
 121.5  62.7387  30 
 121.462  62.5  30 
 121.275  61.5  30 
 121.061  60.5  30 
 120.82  59.5  30 
 120.553  58.5  30 
 120.5  58.3207  30 
 120.257  57.5  30 
 119.935  56.5  30 
 119.586  55.5  30 
 119.5  55.2689  30 
 119.209  54.5  30 
 118.804  53.5  30 
 118.5  52.7962  30 
 118.37  52.5  30 
 117.906  51.5  30 
 117.5  50.676  30 
 117.412  50.5  30 
 116.884  49.5  30 
 116.5  48.8113  30 
 116.324  48.5  30 
 115.727  47.5  30 
 115.5  47.1385  30 
 115.092  46.5  30 
 114.5  45.6182  30 
 114.419  45.5  30 
 113.703  44.5  30 
 114.419  43.5  30 
 114.5  43.3818  30 
 115.092  42.5  30 
 115.5  41.8615  30 
 115.727  41.5  30 
 116.324  40.5  30 
 116.5  40.1887  30 
 116.884  39.5  30 
 117.412  38.5  30 
 117.5  38.324  30 
 117.906  37.5  30 
 118.37  36.5  30 
 118.5  36.2038  30 
 118.804  35.5  30 
 119.209  34.5  30 
 119.5  33.7311  30 
 119.586  33.5  30 
 119.935  32.5  30 
 120.257  31.5  30 
 120.5  30.6793  30 
 120.553  30.5  30 
 120.82  29.5  30 
 121.061  28.5  30 
 121.275  27.5  30 
 121.462  26.5  30 
 121.5  26.2613  30 
 121.621  25.5  30 
 121.751  24.5  30 
 121.851  23.5  30 
 121.923  22.5  30 
 121.966  21.5  30 
 121.978  20.5  30 
 121.941  19.5  30 
 121.874  18.5  30 
 121.775  17.5  30 
 121.647  16.5  30 
 121.5  15.5709  30 
 121.489  15.5  30 
 121.301  14.5  30 

# Contour 28, label: 
 7.34706  22.5  30 
 7.5  22.1984  30 
 7.85906  21.5  30 
 8.39831  20.5  30 
 8.5  20.3186  30 
 8.96599  19.5  30 
 9.5  18.6032  30 
 9.56247  18.5  30 
 10.1897  17.5  30 
 10.5  17.0245  30 
 10.8488  16.5  30 
 11.5  15.5586  30 
 11.5414  15.5  30 
 12.2703  14.5  30 
 12.5  14.1958  30 
 13.0366  13.5  30 
 13.5  12.9191  30 
 13.8417  12.5  30 
 14.5  11.717  30 
 14.6866  11.5  30 
 15.5  10.5798  30 
 15.5721  10.5  30 
 16.4987  9.5  30 
 16.5  9.49867  30 
 17.4666  8.5  30 
 17.5  8.46616  30 
 18.474  7.5  30 
 18.5  7.47469  30 
 19.5  6.51886  30 
 19.5201  6.5  30 
 20.5  5.59418  30 
 20.6038  5.5  30 
 21.5  4.6966  30 
 21.7232  4.5  30 
 22.5  3.82325  30 
 22.8773  3.5  30 
 23.5  2.97215  30 
 24.0662  2.5  30 
 24.5  2.14238  30 
 25.293  1.5  30 
 25.5  1.33434  30 
 26.5  0.54931  30 
 26.5641  0.5  30 

# Contour 29, label: 
 26.5641  88.5  30 
 26.5  88.4507  30 
 25.5  87.6657  30 
 25.293  87.5  30 
 24.5  86.8576  30 
 24.0662  86.5  30 
 23.5  86.0278  30 
 22.8773  85.5  30 
 22.5  85.1767  30 
 21.7232  84.5  30 
 21.5  84.3034  30 
 20.6038  83.5  30 
 20.5  83.4058  30 
 19.5201  82.5  30 
 19.5  82.4811  30 
 18.5  81.5253  30 
 18.474  81.5  30 
 17.5  80.5338  30 
 17.4666  80.5  30 
 16.5  79.5013  30 
 16.4987  79.5  30 
 15.5721  78.5  30 
 15.5  78.4202  30 
 14.6866  77.5  30 
 14.5  77.283  30 
 13.8417  76.5  30 
 13.5  76.0809  30 
 13.0366  75.5  30 
 12.5  74.8042  30 
 12.2703  74.5  30 
 11.5414  73.5  30 
 11.5  73.4414  30 
 10.8488  72.5  30 
 10.5  71.9755  30 
 10.1897  71.5  30 
 9.56247  70.5  30 
 9.5  70.3968  30 
 8.96599  69.5  30 
 8.5  68.6814  30 
 8.39831  68.5  30 
 7.85906  67.5  30 
 7.5  66.8016  30 
 7.34706  66.5  30 
 6.86235  65.5  30 
 6.5  64.7121  30 
 6.40367  64.5  30 
 5.9717  63.5  30 
 5.56374  62.5  30 
 5.5  62.3353  30 
 5.18044  61.5  30 
 4.81865  60.5  30 
 4.5  59.5704  30 
 4.47615  59.5  30 
 4.15425  58.5  30 
 3.85027  57.5  30 
 3.56561  56.5  30 
 3.5  56.2504  30 
 3.30554  55.5  30 
 3.07228  54.5  30 
 2.86891  53.5  30 
 2.69802  52.5  30 
 2.5612  51.5  30 
 2.5  50.8968  30 
 2.46009  50.5  30 
 2.39746  49.5  30 
 2.40031  48.5  30 
 2.45904  47.5  30 
 2.5  47.0264  30 
 2.54572  46.5  30 
 2.63791  45.5  30 
 2.72228  44.5  30 
 2.63791  43.5  30 
 2.54572  42.5  30 
 2.5  41.9736  30 
 2.45904  41.5  30 
 2.40031  40.5  30 
 2.39746  39.5  30 
 2.46009  38.5  30 
 2.5  38.1032  30 
 2.5612  37.5  30 
 2.69802  36.5  30 
 2.86891  35.5  30 
 3.07228  34.5  30 
 3.30554  33.5  30 
 3.5  32.7496  30 
 3.56561  32.5  30 
 3.85027  31.5  30 
 4.15425  30.5  30 
 4.47615  29.5  30 
 4.5  29.4296  30 
 4.81865  28.5  30 
 5.18044  27.5  30 
 5.5  26.6647  30 
 5.56374  26.5  30 
 5.9717  25.5  30 
 6.40367  24.5  30 
 6.5  24.2879  30 
 6.86235  23.5  30 
 7.34706  22.5  30 


# Contour 30, label:       20
 111.068  23.5  20 
 111.163  22.5  20 
 111.22  21.5  20 
 111.234  20.5  20 
 111.187  19.5  20 
 111.097  18.5  20 
 110.966  17.5  20 
 110.794  16.5  20 
 110.582  15.5  20 
 110.5  15.1743  20 
 110.329  14.5  20 
 110.035  13.5  20 
 109.702  12.5  20 
 109.5  11.9574  20 
 109.326  11.5  20 
 108.907  10.5  20 
 108.5  9.61801  20 
 108.444  9.5  20 
 107.933  8.5  20 
 107.5  7.72265  20 
 107.373  7.5  20 
 106.759  6.5  20 
 106.5  6.10573  20 
 106.089  5.5  20 
 105.5  4.68866  20 
 105.358  4.5  20 
 104.559  3.5  20 
 104.5  3.42999  20 
 103.683  2.5  20 
 103.5  2.30336  20 
 102.721  1.5  20 
 102.5  1.28367  20 
 101.661  0.5  20 

# Contour 31, label: 
 101.661  88.5  20 
 102.5  87.7163  20 
 102.721  87.5  20 
 103.5  86.6966  20 
 103.683  86.5  20 
 104.5  85.57  20 
 104.559  85.5  20 
 105.358  84.5  20 
 105.5  84.3113  20 
 106.089  83.5  20 
 106.5  82.8943  20 
 106.759  82.5  20 
 107.373  81.5  20 
 107.5  81.2773  20 
 107.933  80.5  20 
 108.444  79.5  20 
 108.5  79.382  20 
 108.907  78.5  20 
 109.326  77.5  20 
 109.5  77.0426  20 
 109.702  76.5  20 
 110.035  75.5  20 
 110.329  74.5  20 
 110.5  73.8257  20 
 110.582  73.5  20 
 110.794  72.5  20 
 110.966  71.5  20 
 111.097  70.5  20 
 111.187  69.5  20 
 111.234  68.5  20 
 111.22  67.5  20 
 111.163  66.5  20 
 111.068  65.5  20 
 110.934  64.5  20 
 110.762  63.5  20 
 110.552  62.5  20 
 110.5  62.288  20 
 110.303  61.5  20 
 110.018  60.5  20 
 109.696  59.5  20 
 109.5  58.9479  20 
 109.338  58.5  20 
 108.944  57.5  20 
 108.513  56.5  20 
 108.5  56.4721  20 
 108.041  55.5  20 
 107.53  54.5  20 
 107.5  54.4441  20 
 106.975  53.5  20 
 106.5  52.7054  20 
 106.374  52.5  20 
 105.724  51.5  20 
 105.5  51.1761  20 
 105.02  50.5  20 
 104.5  49.8103  20 
 104.259  49.5  20 
 103.5  48.5754  20 
 103.436  48.5  20 
 102.544  47.5  20 
 102.5  47.4526  20 
 101.577  46.5  20 
 101.5  46.424  20 
 100.527  45.5  20 
 100.5  45.4754  20 
 99.5  44.5985  20 
 99.3825  44.5  20 
 99.5  44.4015  20 
 100.5  43.5246  20 
 100.527  43.5  20 
 101.5  42.576  20 
 101.577  42.5  20 
 102.5  41.5474  20 
 102.544  41.5  20 
 103.436  40.5  20 
 103.5  40.4246  20 
 104.259  39.5  20 
 104.5  39.1897  20 
 105.02  38.5  20 
 105.5  37.8239  20 
 105.724  37.5  20 
 106.374  36.5  20 
 106.5  36.2946  20 
 106.975  35.5  20 
 107.5  34.5559  20 
 107.53  34.5  20 
 108.041  33.5  20 
 108.5  32.5279  20 
 108.513  32.5  20 
 108.944  31.5  20 
 109.338  30.5  20 
 109.5  30.0521  20 
 109.696  29.5  20 
 110.018  28.5  20 
 110.303  27.5  20 
 110.5  26.712  20 
 110.552  26.5  20 
 110.762  25.5  20 
 110.934  24.5  20 
 111.068  23.5  20 

# Contour 32, label: 
 14.1833  29.5  20 
 14.5  28.7602  20 
 14.6134  28.5  20 
 15.0642  27.5  20 
 15.5  26.5802  20 
 15.5386  26.5  20 
 16.0423  25.5  20 
 16.5  24.6435  20 
 16.5778  24.5  20 
 17.1509  23.5  20 
 17.5  22.9274  20 
 17.7655  22.5  20 
 18.4273  21.5  20 
 18.5  21.3959  20 
 19.1414  20.5  20 
 19.5  20.0265  20 
 19.9099  19.5  20 
 20.5  18.7782  20 
 20.7341  18.5  20 
 21.5  17.6253  20 
 21.6129  17.5  20 
 22.5  16.5449  20 
 22.5428  16.5  20 
 23.5  15.5185  20 
 23.5185  15.5  20 
 24.5  14.534  20 
 24.5353  14.5  20 
 25.5  13.5842  20 
 25.5904  13.5  20 
 26.5  12.6647  20 
 26.6824  12.5  20 
 27.5  11.7726  20 
 27.8112  11.5  20 
 28.5  10.9058  20 
 28.978  10.5  20 
 29.5  10.0636  20 
 30.1865  9.5  20 
 30.5  9.24641  20 
 31.4437  8.5  20 
 31.5  8.45609  20 
 32.5  7.69624  20 
 32.7662  7.5  20 
 33.5  6.96702  20 
 34.1667  6.5  20 
 34.5  6.26995  20 
 35.5  5.60771  20 
 35.6701  5.5  20 
 36.5  4.98338  20 
 37.3232  4.5  20 
 37.5  4.39783  20 
 38.5  3.85497  20 
 39.2059  3.5  20 
 39.5  3.3541  20 
 40.5  2.89455  20 
 41.4333  2.5  20 
 41.5  2.47197  20 
 42.5  2.07962  20 
 43.5  1.70923  20 
 44.0899  1.5  20 
 44.5  1.35505  20 
 45.5  1.01764  20 
 46.5  0.704042  20 
 47.2292  0.5  20 

# Contour 33, label: 
 47.2292  88.5  20 
 46.5  88.296  20 
 45.5  87.9824  20 
 44.5  87.645  20 
 44.0899  87.5  20 
 43.5  87.2908  20 
 42.5  86.9204  20 
 41.5  86.528  20 
 41.4333  86.5  20 
 40.5  86.1054  20 
 39.5  85.6459  20 
 39.2059  85.5  20 
 38.5  85.145  20 
 37.5  84.6022  20 
 37.3232  84.5  20 
 36.5  84.0166  20 
 35.6701  83.5  20 
 35.5  83.3923  20 
 34.5  82.7301  20 
 34.1667  82.5  20 
 33.5  82.0329  20 
 32.7662  81.5  20 
 32.5  81.3038  20 
 31.5  80.5439  20 
 31.4437  80.5  20 
 30.5  79.7536  20 
 30.1865  79.5  20 
 29.5  78.9364  20 
 28.978  78.5  20 
 28.5  78.0942  20 
 27.8112  77.5  20 
 27.5  77.2274  20 
 26.6824  76.5  20 
 26.5  76.3353  20 
 25.5904  75.5  20 
 25.5  75.4158  20 
 24.5353  74.5  20 
 24.5  74.466  20 
 23.5185  73.5  20 
 23.5  73.4815  20 
 22.5428  72.5  20 
 22.5  72.4551  20 
 21.6129  71.5  20 
 21.5  71.3747  20 
 20.7341  70.5  20 
 20.5  70.2218  20 
 19.9099  69.5  20 
 19.5  68.9735  20 
 19.1414  68.5  20 
 18.5  67.6041  20 
 18.4273  67.5  20 
 17.7655  66.5  20 
 17.5  66.0726  20 
 17.1509  65.5  20 
 16.5778  64.5  20 
 16.5  64.3565  20 
 16.0423  63.5  20 
 15.5386  62.5  20 
 15.5  62.4198  20 
 15.0642  61.5  20 
 14.6134  60.5  20 
 14.5  60.2398  20 
 14.1833  59.5  20 
 13.768  58.5  20 
 13.5  57.8376  20 
 13.3657  57.5  20 
 12.9814  56.5  20 
 12.6206  55.5  20 
 12.5  55.1329  20 
 12.2961  54.5  20 
 12.0141  53.5  20 
 11.7773  52.5  20 
 11.5879  51.5  20 
 11.5  50.8773  20 
 11.4475  50.5  20 
 11.3595  49.5  20 
 11.3619  48.5  20 
 11.4328  47.5  20 
 11.428  46.5  20 
 11.4184  45.5  20 
 11.4843  44.5  20 
 11.4184  43.5  20 
 11.428  42.5  20 
 11.4328  41.5  20 
 11.3619  40.5  20 
 11.3595  39.5  20 
 11.4475  38.5  20 
 11.5  38.1227  20 
 11.5879  37.5  20 
 11.7773  36.5  20 
 12.0141  35.5  20 
 12.2961  34.5  20 
 12.5  33.8671  20 
 12.6206  33.5  20 
 12.9814  32.5  20 
 13.3657  31.5  20 
 13.5  31.1624  20 
 13.768  30.5  20 
 14.1833  29.5  20 


# Contour 34, label:       10
 77.5  43.9429  10 
 76.5  44.1461  10 
 75.5  44.243  10 
 74.5  44.4342  10 
 74.2874  44.5  10 
 74.5  44.5658  10 
 75.5  44.757  10 
 76.5  44.8539  10 
 77.5  45.0571  10 
 78.5  45.3588  10 
 78.8986  45.5  10 
 79.5  45.716  10 
 80.5  46.0016  10 
 81.5  46.303  10 
 82.0542  46.5  10 
 82.5  46.661  10 
 83.5  47.0391  10 
 84.5  47.4427  10 
 84.6299  47.5  10 
 85.5  47.8861  10 
 86.5  48.3718  10 
 86.7483  48.5  10 
 87.5  48.892  10 
 88.5  49.4482  10 
 88.5881  49.5  10 
 89.5  50.0488  10 
 90.1952  50.5  10 
 90.5  50.7045  10 
 91.5  51.4248  10 
 91.598  51.5  10 
 92.5  52.2229  10 
 92.8234  52.5  10 
 93.5  53.1097  10 
 93.9072  53.5  10 
 94.5  54.1026  10 
 94.8695  54.5  10 
 95.5  55.2267  10 
 95.7255  55.5  10 
 96.4872  56.5  10 
 96.5  56.5182  10 
 97.1624  57.5  10 
 97.5  58.0541  10 
 97.7625  58.5  10 
 98.2917  59.5  10 
 98.5  59.94  10 
 98.7568  60.5  10 
 99.1645  61.5  10 
 99.5  62.437  10 
 99.5222  62.5  10 
 99.8325  63.5  10 
 100.105  64.5  10 
 100.326  65.5  10 
 100.476  66.5  10 
 100.5  66.8069  10 
 100.556  67.5  10 
 100.572  68.5  10 
 100.512  69.5  10 
 100.5  69.5841  10 
 100.371  70.5  10 
 100.156  71.5  10 
 99.88  72.5  10 
 99.5461  73.5  10 
 99.5  73.619  10 
 99.1527  74.5  10 
 98.7002  75.5  10 
 98.5  75.8947  10 
 98.1809  76.5  10 
 97.5841  77.5  10 
 97.5  77.6269  10 
 96.8923  78.5  10 
 96.5  79.0054  10 
 96.0931  79.5  10 
 95.5  80.1573  10 
 95.1685  80.5  10 
 94.5  81.1392  10 
 94.0898  81.5  10 
 93.5  81.9862  10 
 92.8105  82.5  10 
 92.5  82.7194  10 
 91.5  83.3513  10 
 91.233  83.5  10 
 90.5  83.8952  10 
 89.5  84.3682  10 
 89.1942  84.5  10 
 88.5  84.7963  10 
 87.5  85.2063  10 
 86.7393  85.5  10 
 86.5  85.5894  10 
 85.5  85.8854  10 
 84.5  86.1025  10 
 83.5  86.2706  10 
 82.5  86.399  10 
 81.5  86.4886  10 
 81.2875  86.5  10 
 80.5  86.5423  10 
 79.5  86.5631  10 
 78.5  86.5453  10 

# Contour 35, label: 
 70.5  3.9471  10 
 71.5  3.66721  10 
 71.9593  3.5  10 
 72.5  3.3097  10 
 73.5  3.05586  10 
 74.5  2.86582  10 
 75.5  2.7136  10 
 76.5  2.59437  10 
 77.5  2.5078  10 
 77.6468  2.5  10 
 78.5  2.45468  10 
 79.5  2.43694  10 
 80.5  2.45772  10 
 81.2875  2.5  10 
 81.5  2.51143  10 
 82.5  2.60104  10 
 83.5  2.72942  10 
 84.5  2.89755  10 
 85.5  3.11456  10 
 86.5  3.41059  10 
 86.7393  3.5  10 
 87.5  3.79366  10 
 88.5  4.20365  10 
 89.1942  4.5  10 
 89.5  4.63175  10 
 90.5  5.10483  10 
 91.233  5.5  10 
 91.5  5.64866  10 
 92.5  6.2806  10 
 92.8105  6.5  10 
 93.5  7.0138  10 
 94.0898  7.5  10 
 94.5  7.86079  10 
 95.1685  8.5  10 
 95.5  8.8427  10 
 96.0931  9.5  10 
 96.5  9.99459  10 
 96.8923  10.5  10 
 97.5  11.3731  10 
 97.5841  11.5  10 
 98.1809  12.5  10 
 98.5  13.1053  10 
 98.7002  13.5  10 
 99.1527  14.5  10 
 99.5  15.381  10 
 99.5461  15.5  10 
 99.88  16.5  10 
 100.156  17.5  10 
 100.371  18.5  10 
 100.5  19.4159  10 
 100.512  19.5  10 
 100.572  20.5  10 
 100.556  21.5  10 
 100.5  22.1931  10 
 100.476  22.5  10 
 100.326  23.5  10 
 100.105  24.5  10 
 99.8325  25.5  10 
 99.5222  26.5  10 
 99.5  26.563  10 
 99.1645  27.5  10 
 98.7568  28.5  10 
 98.5  29.06  10 
 98.2917  29.5  10 
 97.7625  30.5  10 
 97.5  30.9459  10 
 97.1624  31.5  10 
 96.5  32.4818  10 
 96.4872  32.5  10 
 95.7255  33.5  10 
 95.5  33.7733  10 
 94.8695  34.5  10 
 94.5  34.8974  10 
 93.9072  35.5  10 
 93.5  35.8903  10 
 92.8234  36.5  10 
 92.5  36.7771  10 
 91.598  37.5  10 
 91.5  37.5752  10 
 90.5  38.2955  10 
 90.1952  38.5  10 
 89.5  38.9512  10 
 88.5881  39.5  10 
 88.5  39.5518  10 
 87.5  40.108  10 
 86.7483  40.5  10 
 86.5  40.6282  10 
 85.5  41.1139  10 
 84.6299  41.5  10 
 84.5  41.5573  10 
 83.5  41.9609  10 
 82.5  42.339  10 
 82.0542  42.5  10 
 81.5  42.697  10 
 80.5  42.9984  10 
 79.5  43.284  10 
 78.8986  43.5  10 
 78.5  43.6412  10 
 77.5  43.9429  10 

# Contour 36, label: 
 20.3881  49.5  10 
 20.391  48.5  10 
 20.4797  47.5  10 
 20.3674  46.5  10 
 20.3546  45.5  10 
 20.4984  44.5  10 
 20.3546  43.5  10 
 20.3674  42.5  10 
 20.4797  41.5  10 
 20.391  40.5  10 
 20.3881  39.5  10 
 20.5  38.6615  10 
 20.5224  38.5  10 
 20.7433  37.5  10 
 21.0497  36.5  10 
 21.4537  35.5  10 
 21.5  35.4041  10 
 21.9661  34.5  10 
 22.445  33.5  10 
 22.5  33.3572  10 
 22.838  32.5  10 
 23.2419  31.5  10 
 23.5  30.936  10 
 23.7075  30.5  10 
 24.218  29.5  10 
 24.5  28.9702  10 
 24.7531  28.5  10 
 25.3326  27.5  10 
 25.5  27.2362  10 
 25.99  26.5  10 
 26.5  25.8103  10 
 26.7465  25.5  10 
 27.5  24.6204  10 
 27.6117  24.5  10 
 28.5  23.5701  10 
 28.5708  23.5  10 
 29.5  22.5863  10 
 29.5896  22.5  10 
 30.5  21.6388  10 
 30.6476  21.5  10 
 31.5  20.7226  10 
 31.7452  20.5  10 
 32.5  19.8332  10 
 32.8774  19.5  10 
 33.5  18.964  10 
 34.039  18.5  10 
 34.5  18.1129  10 
 35.2307  17.5  10 
 35.5  17.2789  10 
 36.4567  16.5  10 
 36.5  16.4653  10 
 37.5  15.6815  10 
 37.7423  15.5  10 
 38.5  14.9262  10 
 39.0689  14.5  10 
 39.5  14.1777  10 
 40.4012  13.5  10 
 40.5  13.4295  10 
 41.5  12.75  10 
 41.9143  12.5  10 
 42.5  12.1749  10 
 43.5  11.7188  10 
 44.1221  11.5  10 
 44.5  11.3721  10 
 45.5  11.1184  10 
 46.5  10.9153  10 
 47.5  10.6235  10 
 47.8273  10.5  10 
 48.5  10.2549  10 
 49.5  9.99468  10 
 50.5  9.82193  10 
 51.5  9.73385  10 
 52.5  9.77219  10 
 53.5  9.8545  10 
 54.5  9.91124  10 
 55.5  10.0828  10 
 56.5  10.3578  10 
 56.966  10.5  10 
 57.5  10.6787  10 
 57.8384  10.5  10 
 58.5  10.0846  10 
 59.1568  9.5  10 
 59.5  9.20996  10 
 60.4106  8.5  10 
 60.5  8.43354  10 
 61.5  7.75281  10 
 61.9078  7.5  10 
 62.5  7.14325  10 
 63.5  6.58566  10 
 63.6628  6.5  10 
 64.5  6.0694  10 
 65.5  5.59159  10 
 65.7107  5.5  10 
 66.5  5.16267  10 
 67.5  4.7784  10 
 68.302  4.5  10 
 68.5  4.43215  10 
 69.5  4.15235  10 
 70.5  3.9471  10 

# Contour 37, label: 
 78.5  86.5453  10 
 77.6468  86.5  10 
 77.5  86.4922  10 
 76.5  86.4056  10 
 75.5  86.2864  10 
 74.5  86.1342  10 
 73.5  85.9441  10 
 72.5  85.6903  10 
 71.9593  85.5  10 
 71.5  85.3328  10 
 70.5  85.0529  10 
 69.5  84.8476  10 
 68.5  84.5679  10 
 68.302  84.5  10 
 67.5  84.2216  10 
 66.5  83.8373  10 
 65.7107  83.5  10 
 65.5  83.4084  10 
 64.5  82.9306  10 
 63.6628  82.5  10 
 63.5  82.4143  10 
 62.5  81.8568  10 
 61.9078  81.5  10 
 61.5  81.2472  10 
 60.5  80.5665  10 
 60.4106  80.5  10 
 59.5  79.79  10 
 59.1568  79.5  10 
 58.5  78.9154  10 
 57.8384  78.5  10 
 57.5  78.3213  10 
 56.9661  78.5  10 
 56.5  78.6423  10 
 55.5  78.9173  10 
 54.5  79.0888  10 
 53.5  79.1455  10 
 52.5  79.2278  10 
 51.5  79.2661  10 
 50.5  79.1781  10 
 49.5  79.0053  10 
 48.5  78.7451  10 
 47.8273  78.5  10 
 47.5  78.3765  10 
 46.5  78.0847  10 
 45.5  77.8816  10 
 44.5  77.6278  10 
 44.1221  77.5  10 
 43.5  77.2812  10 
 42.5  76.825  10 
 41.9144  76.5  10 
 41.5  76.25  10 
 40.5  75.5705  10 
 40.4012  75.5  10 
 39.5  74.8223  10 
 39.069  74.5  10 
 38.5  74.0737  10 
 37.7423  73.5  10 
 37.5  73.3184  10 
 36.5  72.5347  10 
 36.4568  72.5  10 
 35.5  71.7211  10 
 35.2307  71.5  10 
 34.5  70.8871  10 
 34.039  70.5  10 
 33.5  70.0359  10 
 32.8774  69.5  10 
 32.5  69.1668  10 
 31.7452  68.5  10 
 31.5  68.2774  10 
 30.6476  67.5  10 
 30.5  67.3612  10 
 29.5896  66.5  10 
 29.5  66.4137  10 
 28.5708  65.5  10 
 28.5  65.4299  10 
 27.6117  64.5  10 
 27.5  64.3796  10 
 26.7465  63.5  10 
 26.5  63.1897  10 
 25.99  62.5  10 
 25.5  61.7638  10 
 25.3326  61.5  10 
 24.7531  60.5  10 
 24.5  60.0298  10 
 24.218  59.5  10 
 23.7075  58.5  10 
 23.5  58.064  10 
 23.2419  57.5  10 
 22.838  56.5  10 
 22.5  55.6428  10 
 22.445  55.5  10 
 21.9661  54.5  10 
 21.5  53.5959  10 
 21.4537  53.5  10 
 21.0497  52.5  10 
 20.7433  51.5  10 
 20.5224  50.5  10 
 20.5  50.3385  10 
 20.3881  49.5  10 


# Contour 38, label:        0
 51.5  21.103  0 
 50.9361  20.5  0 
 51.5  19.8477  0 
 52.5  20.2573  0 
 52.6967  20.5  0 
 52.5  20.7071  0 
 51.5  21.103  0 

# Contour 39, label: 
 47.5  22.6414  0 
 46.9065  22.5  0 
 46.5053  21.5  0 
 47.5  21.1054  0 
 47.9265  21.5  0 
 47.7029  22.5  0 
 47.5  22.6414  0 

# Contour 40, label: 
 43.5  25.3845  0 
 42.8031  24.5  0 
 43.5  23.5504  0 
 44.5  23.565  0 
 44.812  24.5  0 
 44.5  24.9237  0 
 43.5  25.3845  0 

# Contour 41, label: 
 40.5  27.9545  0 
 39.7798  27.5  0 
 39.9882  26.5  0 
 40.5  26.0531  0 
 41.5  25.9418  0 
 41.9652  26.5  0 
 41.5  27.3369  0 
 41.3386  27.5  0 
 40.5  27.9545  0 

# Contour 42, label: 
 37.5  30.3719  0 
 37.0244  29.5  0 
 37.5  28.7001  0 
 37.8603  28.5  0 
 38.5  28.2512  0 
 38.9977  28.5  0 
 39.1359  29.5  0 
 38.5  30.2361  0 
 37.5  30.3719  0 

# Contour 43, label: 
 34.5  33.4419  0 
 34.11  32.5  0 
 34.5  31.8423  0 
 35.5  31.7816  0 
 35.9585  32.5  0 
 35.5  33.3121  0 
 34.5  33.4419  0 

# Contour 44, label: 
 84.5  13.144  0 
 85.3266  13.5  0 
 85.5  13.5782  0 
 86.5  14.1263  0 
 87.0195  14.5  0 
 87.5  14.8742  0 
 88.1812  15.5  0 
 88.5  15.8413  0 
 89.0377  16.5  0 
 89.5  17.2097  0 
 89.6787  17.5  0 
 90.1346  18.5  0 
 90.4171  19.5  0 
 90.5  20.181  0 
 90.5381  20.5  0 
 90.5159  21.5  0 
 90.5  21.6111  0 
 90.3709  22.5  0 
 90.1143  23.5  0 
 89.7433  24.5  0 
 89.5  24.9982  0 
 89.2462  25.5  0 
 88.6104  26.5  0 
 88.5  26.6476  0 
 87.8277  27.5  0 
 87.5  27.8641  0 
 86.8715  28.5  0 
 86.5  28.8449  0 
 85.7167  29.5  0 
 85.5  29.6731  0 
 84.5  30.3825  0 
 84.3202  30.5  0 
 83.5  31.0153  0 
 82.6179  31.5  0 
 82.5  31.5636  0 
 81.5  32.064  0 
 80.5  32.4994  0 
 79.5  32.9101  0 
 78.5  33.2705  0 
 77.7906  33.5  0 
 77.5  33.5933  0 
 76.5  33.8952  0 
 75.5  34.1654  0 
 74.5  34.4093  0 
 74.0846  34.5  0 
 73.5  34.6271  0 
 72.5  34.8265  0 
 71.5  35.0101  0 
 70.5  35.182  0 
 69.5  35.349  0 
 68.5703  35.5  0 
 68.5  35.5114  0 
 67.5  35.6712  0 
 66.5  35.8321  0 
 65.5  35.9978  0 
 64.5  36.1738  0 
 63.5  36.3563  0 
 62.7096  36.5  0 
 62.5  36.5381  0 
 61.5  36.7172  0 
 60.5  36.8952  0 
 59.5  37.0691  0 
 58.5  37.2356  0 
 57.5  37.3951  0 
 56.7972  37.5  0 
 56.5  37.5443  0 
 55.5  37.6779  0 
 54.5  37.7952  0 
 53.5  37.8983  0 
 52.5  37.9843  0 
 51.5  38.0405  0 
 50.5  38.0839  0 
 49.5  38.1125  0 
 48.5  38.1237  0 
 47.5  38.1116  0 
 46.5  38.074  0 
 45.5  38.0011  0 
 44.5  37.7825  0 

# Contour 45, label: 
 44.5  37.7825  0 
 43.8086  37.5  0 
 43.5  37.3687  0 
 42.5394  36.5  0 
 42.5  36.3458  0 
 42.3217  35.5  0 
 42.4771  34.5  0 
 42.5  34.4309  0 
 42.8197  33.5  0 
 43.2281  32.5  0 
 43.5  31.8365  0 
 43.6379  31.5  0 
 44.0652  30.5  0 
 44.5  29.632  0 
 44.568  29.5  0 
 45.1996  28.5  0 
 45.5  28.102  0 
 45.9781  27.5  0 
 46.5  26.873  0 
 46.8022  26.5  0 
 47.5  25.6529  0 
 47.6528  25.5  0 
 48.5  24.8254  0 
 49.0859  24.5  0 
 49.5  24.2954  0 
 50.5  23.9178  0 
 51.5  23.7507  0 
 52.5  23.8447  0 
 53.1739  24.5  0 
 53.5  25.4481  0 
 53.517  25.5  0 
 53.5951  26.5  0 
 53.7179  27.5  0 
 54.5  28.4793  0 
 54.5724  28.5  0 
 55.5  28.7067  0 
 56.1532  28.5  0 
 56.5  28.3695  0 
 57.5  27.5391  0 
 57.5342  27.5  0 
 58.2674  26.5  0 
 58.5  26.0328  0 
 58.7439  25.5  0 
 58.8963  24.5  0 
 58.6855  23.5  0 
 58.5  23.3301  0 
 57.5  22.5691  0 
 57.4285  22.5  0 
 56.5  21.9916  0 
 55.6408  21.5  0 
 56.5  20.8691  0 
 57.2767  21.5  0 
 57.5  22.2831  0 
 58.5  21.906  0 
 59.2613  22.5  0 
 59.5  22.7586  0 
 60.5  23.3264  0 
 60.6617  23.5  0 
 60.9161  24.5  0 
 61.1672  25.5  0 
 61.5  25.669  0 
 62.3373  25.5  0 
 62.5  25.4499  0 
 63.1289  24.5  0 
 63.4209  23.5  0 
 63.4445  22.5  0 
 63.3556  21.5  0 
 63.3727  20.5  0 
 63.5  20.0413  0 
 63.6593  19.5  0 
 64.2363  18.5  0 
 64.5  18.1591  0 
 65.0764  17.5  0 
 65.5  17.0892  0 
 66.2317  16.5  0 
 66.5  16.3035  0 
 67.5  15.6489  0 
 67.7695  15.5  0 
 68.5  15.0975  0 
 69.5  14.6269  0 
 69.8129  14.5  0 
 70.5  14.2227  0 
 71.5  13.8276  0 
 72.5  13.5413  0 
 72.6621  13.5  0 
 73.5  13.2875  0 
 74.5  13.0401  0 
 75.5  12.8213  0 
 76.5  12.6552  0 
 77.5  12.5308  0 
 77.9179  12.5  0 
 78.5  12.4573  0 
 79.5  12.4357  0 
 80.5  12.4637  0 
 80.9512  12.5  0 
 81.5  12.5444  0 
 82.5  12.6859  0 
 83.5  12.886  0 
 84.5  13.144  0 

# Contour 46, label: 
 32.5  37.5902  0 
 32.3821  37.5  0 
 32.2937  36.5  0 
 32.383  35.5  0 
 32.5  35.3645  0 
 33.2244  35.5  0 
 33.5  35.558  0 
 34.0068  36.5  0 
 33.5  37.3269  0 
 32.8797  37.5  0 
 32.5  37.5902  0 

# Contour 47, label: 
 31.5  41.289  0 
 30.8645  40.5  0 
 31.5  39.972  0 
 31.7768  40.5  0 
 31.5  41.289  0 

# Contour 48, label: 
 30.5  44.1732  0 
 30.337  43.5  0 
 30.3067  42.5  0 
 30.5  42.1071  0 
 30.7048  42.5  0 
 30.699  43.5  0 
 30.5  44.1732  0 

# Contour 49, label: 
 30.5  46.8929  0 
 30.3067  46.5  0 
 30.337  45.5  0 
 30.5  44.8268  0 
 30.699  45.5  0 
 30.7048  46.5  0 
 30.5  46.8929  0 

# Contour 50, label: 
 31.5  49.028  0 
 30.8645  48.5  0 
 31.5  47.711  0 
 31.7768  48.5  0 
 31.5  49.028  0 

# Contour 51, label: 
 32.5  53.6355  0 
 32.383  53.5  0 
 32.2937  52.5  0 
 32.3821  51.5  0 
 32.5  51.4098  0 
 32.8797  51.5  0 
 33.5  51.6731  0 
 34.0068  52.5  0 
 33.5  53.442  0 
 33.2244  53.5  0 
 32.5  53.6355  0 

# Contour 52, label: 
 34.5  57.1577  0 
 34.11  56.5  0 
 34.5  55.5581  0 
 35.5  55.6879  0 
 35.9585  56.5  0 
 35.5  57.2184  0 
 34.5  57.1577  0 

# Contour 53, label: 
 38.5  60.7488  0 
 37.8603  60.5  0 
 37.5  60.2998  0 
 37.0244  59.5  0 
 37.5  58.6281  0 
 38.5  58.7639  0 
 39.1359  59.5  0 
 38.9977  60.5  0 
 38.5  60.7488  0 

# Contour 54, label: 
 40.5  62.9469  0 
 39.9882  62.5  0 
 39.7798  61.5  0 
 40.5  61.0455  0 
 41.3386  61.5  0 
 41.5  61.6631  0 
 41.9651  62.5  0 
 41.5  63.0582  0 
 40.5  62.9469  0 

# Contour 55, label: 
 43.5  65.4496  0 
 42.8031  64.5  0 
 43.5  63.6155  0 
 44.5  64.0763  0 
 44.812  64.5  0 
 44.5  65.4351  0 
 43.5  65.4496  0 

# Contour 56, label: 
 57.5  66.7169  0 
 57.4285  66.5  0 
 57.5  66.4309  0 
 58.5  65.6699  0 
 59.2613  66.5  0 
 58.5  67.094  0 
 57.5  66.7169  0 

# Contour 57, label: 
 56.5  68.1309  0 
 55.6408  67.5  0 
 56.5  67.0084  0 
 57.2767  67.5  0 
 56.5  68.1309  0 

# Contour 58, label: 
 47.5  67.8947  0 
 46.5055  67.5  0 
 46.9066  66.5  0 
 47.5  66.3587  0 
 47.7029  66.5  0 
 47.9265  67.5  0 
 47.5  67.8947  0 

# Contour 59, label: 
 51.5  69.1523  0 
 50.9361  68.5  0 
 51.5  67.897  0 
 52.5  68.2929  0 
 52.6967  68.5  0 
 52.5  68.7427  0 
 51.5  69.1523  0 

# Contour 60, label: 
 60.5  52.1048  0 
 61.5  52.2828  0 
 62.5  52.4619  0 
 62.7096  52.5  0 
 63.5  52.6437  0 
 64.5  52.8262  0 
 65.5  53.0022  0 
 66.5  53.1679  0 
 67.5  53.3288  0 
 68.5  53.4886  0 
 68.5703  53.5  0 
 69.5  53.651  0 
 70.5  53.818  0 
 71.5  53.9899  0 
 72.5  54.1735  0 
 73.5  54.3729  0 
 74.0846  54.5  0 
 74.5  54.5907  0 
 75.5  54.8346  0 
 76.5  55.1048  0 
 77.5  55.4067  0 
 77.7906  55.5  0 
 78.5  55.7295  0 
 79.5  56.0899  0 
 80.4986  56.5  0 
 81.5  56.936  0 
 82.5  57.4364  0 
 82.6179  57.5  0 
 83.5  57.9847  0 
 84.3202  58.5  0 
 84.5  58.6175  0 
 85.5  59.3269  0 
 85.7167  59.5  0 
 86.5  60.1551  0 
 86.8715  60.5  0 
 87.5  61.1359  0 
 87.8277  61.5  0 
 88.5  62.3524  0 
 88.6104  62.5  0 
 89.2462  63.5  0 
 89.5  64.0018  0 
 89.7433  64.5  0 
 90.1143  65.5  0 
 90.3709  66.5  0 
 90.5  67.3889  0 
 90.5159  67.5  0 
 90.5381  68.5  0 
 90.5  68.819  0 
 90.4171  69.5  0 
 90.1346  70.5  0 
 89.6787  71.5  0 
 89.5  71.7903  0 
 89.0377  72.5  0 
 88.5  73.1587  0 
 88.1812  73.5  0 
 87.5  74.1258  0 
 87.0195  74.5  0 
 86.5  74.8737  0 
 85.5  75.4218  0 
 85.3266  75.5  0 
 84.5  75.856  0 
 83.5  76.114  0 
 82.5  76.3141  0 
 81.5  76.4556  0 
 80.9512  76.5  0 
 80.5  76.5363  0 
 79.5  76.5643  0 
 78.5  76.5427  0 

# Contour 61, label: 
 78.5  76.5427  0 
 77.9179  76.5  0 
 77.5  76.4692  0 
 76.5  76.3448  0 
 75.5  76.1787  0 
 74.5  75.9599  0 
 73.5  75.7125  0 
 72.6621  75.5  0 
 72.5  75.4587  0 
 71.5  75.1724  0 
 70.5  74.7773  0 
 69.8129  74.5  0 
 69.5  74.3731  0 
 68.5  73.9025  0 
 67.7695  73.5  0 
 67.5  73.3511  0 
 66.5  72.6965  0 
 66.2317  72.5  0 
 65.5  71.9108  0 
 65.0764  71.5  0 
 64.5  70.8409  0 
 64.2363  70.5  0 
 63.6593  69.5  0 
 63.5  68.9587  0 
 63.3727  68.5  0 
 63.3556  67.5  0 
 63.4445  66.5  0 
 63.4209  65.5  0 
 63.1289  64.5  0 
 62.5  63.5501  0 
 62.3373  63.5  0 
 61.5  63.331  0 
 61.1672  63.5  0 
 60.9161  64.5  0 
 60.6617  65.5  0 
 60.5  65.6736  0 
 59.5  66.2414  0 
 58.6855  65.5  0 
 58.8963  64.5  0 
 58.7439  63.5  0 
 58.5  62.9672  0 
 58.2674  62.5  0 
 57.5342  61.5  0 
 57.5  61.4609  0 
 56.5  60.6305  0 
 56.1532  60.5  0 
 55.5  60.2933  0 
 54.5724  60.5  0 
 54.5  60.5207  0 
 53.7179  61.5  0 
 53.5951  62.5  0 
 53.517  63.5  0 
 53.5  63.5519  0 
 53.1739  64.5  0 
 52.5  65.1553  0 
 51.5  65.2493  0 
 50.5  65.0822  0 
 49.5  64.7046  0 
 49.0859  64.5  0 
 48.5  64.1746  0 
 47.6528  63.5  0 
 47.5  63.3471  0 
 46.8022  62.5  0 
 46.5  62.127  0 
 45.9781  61.5  0 
 45.5  60.898  0 
 45.1996  60.5  0 
 44.568  59.5  0 
 44.5  59.368  0 
 44.0652  58.5  0 
 43.6379  57.5  0 
 43.5  57.1635  0 
 43.2281  56.5  0 
 42.8197  55.5  0 
 42.5  54.5691  0 
 42.4771  54.5  0 
 42.3217  53.5  0 
 42.5  52.6542  0 
 42.5394  52.5  0 
 43.5  51.6313  0 
 43.8086  51.5  0 
 44.5  51.2175  0 
 45.5  50.9989  0 
 46.5  50.926  0 
 47.5  50.8884  0 
 48.5  50.8763  0 
 49.5  50.8875  0 
 50.5  50.9161  0 
 51.5  50.9595  0 
 52.5  51.0157  0 
 53.5  51.1017  0 
 54.5  51.2048  0 
 55.5  51.3221  0 
 56.5  51.4557  0 
 56.7972  51.5  0 
 57.5  51.6049  0 
 58.5  51.7644  0 
 59.5  51.9309  0 
 60.5  52.1048  0 


# Contour 62, label:      -10
 77.5  22.5263 -10 
 77.4522  22.5 -10 
 77.5  22.4857 -10 
 77.5743  22.5 -10 
 77.5  22.5263 -10 

# Contour 63, label: 
 74.5  23.7387 -10 
 74.3117  23.5 -10 
 74.5  23.3807 -10 
 75.5  23.1196 -10 
 76.2994  23.5 -10 
 75.5  23.8361 -10 
 74.5  23.7387 -10 

# Contour 64, label: 
 74.5  65.6193 -10 
 74.3117  65.5 -10 
 74.5  65.2613 -10 
 75.5  65.1639 -10 
 76.2994  65.5 -10 
 75.5  65.8804 -10 
 74.5  65.6193 -10 

# Contour 65, label: 
 77.5  66.5143 -10 
 77.4522  66.5 -10 
 77.5  66.4737 -10 
 77.5743  66.5 -10 
 77.5  66.5143 -10 

