
# Surface 0 of 1 surfaces

# Curve title: ""./data/VOFGFM-EMOF2-RMI-MUSCL-1600-400-3396-prims.dat" u 1:2:7"

# Contour 0, label:      2.1
 1.78375  0.709674  2.1 
 1.78625  0.709275  2.1 
 1.78681  0.70875  2.1 
 1.78824  0.70625  2.1 
 1.78872  0.70375  2.1 
 1.78875  0.703487  2.1 
 1.78896  0.70125  2.1 
 1.78929  0.69875  2.1 
 1.78977  0.69625  2.1 
 1.79033  0.69375  2.1 
 1.79089  0.69125  2.1 
 1.79125  0.689455  2.1 
 1.79138  0.68875  2.1 
 1.79178  0.68625  2.1 
 1.79211  0.68375  2.1 
 1.79233  0.68125  2.1 
 1.79253  0.67875  2.1 
 1.79268  0.67625  2.1 
 1.79284  0.67375  2.1 
 1.79299  0.67125  2.1 
 1.79301  0.66875  2.1 
 1.79314  0.66625  2.1 
 1.7931  0.66375  2.1 
 1.79261  0.66125  2.1 
 1.79235  0.65875  2.1 
 1.79218  0.65625  2.1 
 1.79212  0.65375  2.1 
 1.79215  0.65125  2.1 
 1.79221  0.64875  2.1 
 1.79225  0.64625  2.1 
 1.79227  0.64375  2.1 
 1.79228  0.64125  2.1 
 1.79227  0.63875  2.1 
 1.79228  0.63625  2.1 
 1.79224  0.63375  2.1 
 1.79217  0.63125  2.1 
 1.7921  0.62875  2.1 
 1.79205  0.62625  2.1 
 1.792  0.62375  2.1 
 1.79197  0.62125  2.1 
 1.79194  0.61875  2.1 
 1.79193  0.61625  2.1 
 1.79193  0.61375  2.1 
 1.79193  0.61125  2.1 
 1.79194  0.60875  2.1 
 1.79195  0.60625  2.1 
 1.79196  0.60375  2.1 
 1.79196  0.60125  2.1 
 1.79197  0.59875  2.1 
 1.79197  0.59625  2.1 
 1.79197  0.59375  2.1 
 1.79196  0.59125  2.1 
 1.79194  0.58875  2.1 
 1.79191  0.58625  2.1 
 1.79187  0.58375  2.1 
 1.79182  0.58125  2.1 
 1.79177  0.57875  2.1 
 1.7917  0.57625  2.1 
 1.79162  0.57375  2.1 
 1.79155  0.57125  2.1 
 1.79147  0.56875  2.1 
 1.79139  0.56625  2.1 
 1.7913  0.56375  2.1 
 1.79125  0.56225  2.1 
 1.79122  0.56125  2.1 
 1.79114  0.55875  2.1 
 1.79107  0.55625  2.1 
 1.791  0.55375  2.1 
 1.79093  0.55125  2.1 
 1.79087  0.54875  2.1 
 1.79082  0.54625  2.1 
 1.79078  0.54375  2.1 
 1.79075  0.54125  2.1 
 1.79072  0.53875  2.1 
 1.7907  0.53625  2.1 
 1.79068  0.53375  2.1 
 1.79065  0.53125  2.1 
 1.79064  0.52875  2.1 
 1.79063  0.52625  2.1 
 1.79064  0.52375  2.1 
 1.79066  0.52125  2.1 
 1.79068  0.51875  2.1 
 1.79069  0.51625  2.1 
 1.79069  0.51375  2.1 
 1.79069  0.51125  2.1 
 1.79069  0.50875  2.1 
 1.7907  0.50625  2.1 
 1.79071  0.50375  2.1 
 1.79072  0.50125  2.1 

# Contour 1, label: 
 1.74781  0.50125  2.1 
 1.74781  0.50375  2.1 
 1.74782  0.50625  2.1 
 1.74783  0.50875  2.1 
 1.74784  0.51125  2.1 
 1.74785  0.51375  2.1 
 1.74787  0.51625  2.1 
 1.74788  0.51875  2.1 
 1.74791  0.52125  2.1 
 1.74793  0.52375  2.1 
 1.74796  0.52625  2.1 
 1.74799  0.52875  2.1 
 1.74802  0.53125  2.1 
 1.74805  0.53375  2.1 
 1.74808  0.53625  2.1 
 1.74812  0.53875  2.1 
 1.74816  0.54125  2.1 
 1.7482  0.54375  2.1 
 1.74824  0.54625  2.1 
 1.74829  0.54875  2.1 
 1.74833  0.55125  2.1 
 1.74838  0.55375  2.1 
 1.74842  0.55625  2.1 
 1.74847  0.55875  2.1 
 1.74852  0.56125  2.1 
 1.74857  0.56375  2.1 
 1.74861  0.56625  2.1 
 1.74866  0.56875  2.1 
 1.74871  0.57125  2.1 
 1.74875  0.573322  2.1 
 1.74878  0.57375  2.1 
 1.74893  0.57625  2.1 
 1.74908  0.57875  2.1 
 1.74922  0.58125  2.1 
 1.74937  0.58375  2.1 
 1.74952  0.58625  2.1 
 1.74966  0.58875  2.1 
 1.74979  0.59125  2.1 
 1.74992  0.59375  2.1 
 1.75005  0.59625  2.1 
 1.75018  0.59875  2.1 
 1.7503  0.60125  2.1 
 1.75042  0.60375  2.1 
 1.75053  0.60625  2.1 
 1.75064  0.60875  2.1 
 1.75074  0.61125  2.1 
 1.75085  0.61375  2.1 
 1.75094  0.61625  2.1 
 1.75104  0.61875  2.1 
 1.75113  0.62125  2.1 
 1.75121  0.62375  2.1 
 1.75125  0.624767  2.1 
 1.75141  0.62625  2.1 
 1.75166  0.62875  2.1 
 1.7519  0.63125  2.1 
 1.75213  0.63375  2.1 
 1.75234  0.63625  2.1 
 1.75254  0.63875  2.1 
 1.75273  0.64125  2.1 
 1.75291  0.64375  2.1 
 1.75308  0.64625  2.1 
 1.75323  0.64875  2.1 
 1.75338  0.65125  2.1 
 1.75353  0.65375  2.1 
 1.75366  0.65625  2.1 
 1.75375  0.65788  2.1 
 1.75389  0.65875  2.1 
 1.7543  0.66125  2.1 
 1.75468  0.66375  2.1 
 1.75506  0.66625  2.1 
 1.75544  0.66875  2.1 
 1.75582  0.67125  2.1 
 1.75622  0.67375  2.1 
 1.75625  0.673937  2.1 
 1.75722  0.67625  2.1 
 1.75825  0.67875  2.1 
 1.75875  0.679977  2.1 
 1.75966  0.68125  2.1 
 1.76115  0.68375  2.1 
 1.76125  0.683937  2.1 
 1.76312  0.68625  2.1 
 1.76375  0.687241  2.1 
 1.7651  0.68875  2.1 
 1.76625  0.690639  2.1 
 1.76678  0.69125  2.1 
 1.76845  0.69375  2.1 
 1.76875  0.694324  2.1 
 1.77024  0.69625  2.1 
 1.77125  0.698054  2.1 
 1.77186  0.69875  2.1 
 1.77358  0.70125  2.1 
 1.77375  0.701544  2.1 
 1.77567  0.70375  2.1 
 1.77625  0.704631  2.1 
 1.77796  0.70625  2.1 
 1.77875  0.707213  2.1 
 1.78105  0.70875  2.1 
 1.78125  0.708918  2.1 
 1.78375  0.709674  2.1 


# Contour 2, label:        2
 1.89625  0.6873  2 
 1.89601  0.68625  2 
 1.89544  0.68375  2 
 1.89489  0.68125  2 
 1.89434  0.67875  2 
 1.8938  0.67625  2 
 1.89375  0.675995  2 
 1.89328  0.67375  2 
 1.89277  0.67125  2 
 1.89227  0.66875  2 
 1.89176  0.66625  2 
 1.89126  0.66375  2 
 1.89125  0.6637  2 
 1.89076  0.66125  2 
 1.89027  0.65875  2 
 1.88977  0.65625  2 
 1.88929  0.65375  2 
 1.88881  0.65125  2 
 1.88875  0.650931  2 
 1.88834  0.64875  2 
 1.8879  0.64625  2 
 1.88748  0.64375  2 
 1.88707  0.64125  2 
 1.8867  0.63875  2 
 1.88636  0.63625  2 
 1.88625  0.635363  2 
 1.88606  0.63375  2 
 1.8858  0.63125  2 
 1.8856  0.62875  2 
 1.88546  0.62625  2 
 1.88539  0.62375  2 
 1.88527  0.62125  2 
 1.88519  0.61875  2 
 1.88491  0.61625  2 
 1.88456  0.61375  2 
 1.88424  0.61125  2 
 1.88391  0.60875  2 
 1.88375  0.607232  2 
 1.88365  0.60625  2 
 1.8834  0.60375  2 
 1.88327  0.60125  2 
 1.88315  0.59875  2 
 1.88303  0.59625  2 
 1.8829  0.59375  2 
 1.88276  0.59125  2 
 1.88262  0.58875  2 
 1.8825  0.58625  2 
 1.88239  0.58375  2 
 1.88227  0.58125  2 
 1.88213  0.57875  2 
 1.882  0.57625  2 
 1.8819  0.57375  2 
 1.88181  0.57125  2 
 1.88173  0.56875  2 
 1.88166  0.56625  2 
 1.88158  0.56375  2 
 1.8815  0.56125  2 
 1.88141  0.55875  2 
 1.88132  0.55625  2 
 1.88125  0.5545  2 
 1.88122  0.55375  2 
 1.88112  0.55125  2 
 1.88102  0.54875  2 
 1.88091  0.54625  2 
 1.88081  0.54375  2 
 1.8807  0.54125  2 
 1.88057  0.53875  2 
 1.88043  0.53625  2 
 1.88027  0.53375  2 
 1.8801  0.53125  2 
 1.87993  0.52875  2 
 1.87976  0.52625  2 
 1.87959  0.52375  2 
 1.87943  0.52125  2 
 1.87928  0.51875  2 
 1.87913  0.51625  2 
 1.879  0.51375  2 
 1.87889  0.51125  2 
 1.8788  0.50875  2 
 1.87875  0.506667  2 
 1.87874  0.50625  2 
 1.87871  0.50375  2 
 1.87873  0.50125  2 

# Contour 3, label: 
 2.00875  0.798816  2 
 2.0075  0.79875  2 
 2.00625  0.798682  2 
 2.00375  0.79841  2 
 2.00125  0.797836  2 
 1.99875  0.796838  2 
 1.99753  0.79625  2 
 1.99625  0.795594  2 
 1.99375  0.794543  2 
 1.99125  0.794041  2 
 1.98875  0.794087  2 
 1.98625  0.794503  2 
 1.98375  0.795408  2 
 1.98222  0.79625  2 
 1.98125  0.796765  2 
 1.97875  0.798544  2 
 1.9785  0.79875  2 
 1.97625  0.800591  2 
 1.97534  0.80125  2 
 1.97375  0.802464  2 
 1.97146  0.80375  2 
 1.97125  0.803873  2 
 1.96875  0.804781  2 
 1.96625  0.80525  2 
 1.96375  0.805353  2 
 1.96125  0.805096  2 
 1.95875  0.804245  2 
 1.95785  0.80375  2 
 1.95625  0.802861  2 
 1.95375  0.801277  2 
 1.95371  0.80125  2 
 1.95125  0.799618  2 
 1.95  0.79875  2 
 1.94875  0.797899  2 
 1.94646  0.79625  2 
 1.94625  0.796098  2 
 1.94375  0.794167  2 
 1.94326  0.79375  2 
 1.94125  0.792034  2 
 1.94043  0.79125  2 
 1.93875  0.789657  2 
 1.9379  0.78875  2 
 1.93625  0.786985  2 
 1.93561  0.78625  2 
 1.93375  0.784093  2 
 1.93347  0.78375  2 
 1.93143  0.78125  2 
 1.93125  0.781025  2 
 1.92943  0.77875  2 
 1.92875  0.777908  2 
 1.92742  0.77625  2 
 1.92625  0.774804  2 
 1.9254  0.77375  2 
 1.92375  0.771735  2 
 1.92335  0.77125  2 
 1.92129  0.76875  2 
 1.92125  0.7687  2 
 1.91926  0.76625  2 
 1.91875  0.765619  2 
 1.91728  0.76375  2 
 1.91625  0.76241  2 
 1.91541  0.76125  2 
 1.91375  0.758883  2 
 1.91366  0.75875  2 
 1.91213  0.75625  2 
 1.91125  0.754684  2 
 1.91078  0.75375  2 
 1.90961  0.75125  2 
 1.90875  0.749179  2 
 1.90859  0.74875  2 
 1.90779  0.74625  2 
 1.90709  0.74375  2 
 1.90651  0.74125  2 
 1.90625  0.73997  2 
 1.90603  0.73875  2 
 1.90565  0.73625  2 
 1.90533  0.73375  2 
 1.90505  0.73125  2 
 1.9048  0.72875  2 
 1.90456  0.72625  2 
 1.90429  0.72375  2 
 1.90396  0.72125  2 
 1.90375  0.719853  2 
 1.90357  0.71875  2 
 1.90312  0.71625  2 
 1.90261  0.71375  2 
 1.90205  0.71125  2 
 1.90147  0.70875  2 
 1.90125  0.707846  2 
 1.90086  0.70625  2 
 1.90025  0.70375  2 
 1.89963  0.70125  2 
 1.89901  0.69875  2 
 1.89875  0.6977  2 
 1.89839  0.69625  2 
 1.89778  0.69375  2 
 1.89719  0.69125  2 
 1.89659  0.68875  2 
 1.89625  0.6873  2 

# Contour 4, label: 
 2.08875  0.891815  2 
 2.09125  0.891843  2 
 2.09375  0.891857  2 
 2.09625  0.891871  2 
 2.09875  0.891867  2 
 2.10125  0.891816  2 
 2.10375  0.891669  2 
 2.10625  0.891341  2 
 2.10664  0.89125  2 
 2.10875  0.890395  2 
 2.11125  0.888766  2 
 2.11127  0.88875  2 
 2.11277  0.88625  2 
 2.11294  0.88375  2 
 2.11255  0.88125  2 
 2.1116  0.87875  2 
 2.11125  0.878115  2 
 2.11011  0.87625  2 
 2.10875  0.874264  2 
 2.10838  0.87375  2 
 2.10645  0.87125  2 
 2.10625  0.870987  2 
 2.10441  0.86875  2 
 2.10375  0.867953  2 
 2.1022  0.86625  2 
 2.10125  0.865112  2 
 2.09997  0.86375  2 
 2.09875  0.862283  2 
 2.09783  0.86125  2 
 2.09625  0.859054  2 
 2.09603  0.85875  2 
 2.09455  0.85625  2 
 2.09375  0.854505  2 
 2.09338  0.85375  2 
 2.09226  0.85125  2 
 2.09125  0.848786  2 
 2.09123  0.84875  2 
 2.08993  0.84625  2 
 2.08875  0.844028  2 
 2.08856  0.84375  2 
 2.08687  0.84125  2 
 2.08625  0.840298  2 
 2.08508  0.83875  2 
 2.08375  0.836682  2 
 2.08346  0.83625  2 
 2.082  0.83375  2 
 2.08125  0.832197  2 
 2.08076  0.83125  2 
 2.07959  0.82875  2 
 2.07875  0.826756  2 
 2.07852  0.82625  2 
 2.07746  0.82375  2 
 2.07649  0.82125  2 
 2.07625  0.820609  2 
 2.07551  0.81875  2 
 2.07453  0.81625  2 
 2.07375  0.814097  2 
 2.07362  0.81375  2 
 2.07276  0.81125  2 
 2.072  0.80875  2 
 2.07133  0.80625  2 
 2.07125  0.805907  2 
 2.07062  0.80375  2 
 2.06983  0.80125  2 
 2.06883  0.79875  2 
 2.06875  0.798594  2 
 2.06652  0.79625  2 
 2.06625  0.796061  2 
 2.06375  0.795221  2 
 2.06125  0.794992  2 
 2.05875  0.795241  2 
 2.05625  0.795907  2 
 2.05549  0.79625  2 
 2.05375  0.797006  2 
 2.05125  0.798403  2 
 2.05075  0.79875  2 
 2.04875  0.800081  2 
 2.0471  0.80125  2 
 2.04625  0.80185  2 
 2.04375  0.803531  2 
 2.04333  0.80375  2 
 2.04125  0.804907  2 
 2.03875  0.805963  2 
 2.03764  0.80625  2 
 2.03625  0.806636  2 
 2.03375  0.806952  2 
 2.03125  0.806998  2 
 2.02875  0.806746  2 
 2.02691  0.80625  2 
 2.02625  0.806038  2 
 2.02375  0.804745  2 
 2.0222  0.80375  2 
 2.02125  0.803105  2 
 2.01875  0.801566  2 
 2.01814  0.80125  2 
 2.01625  0.800352  2 
 2.01375  0.799498  2 
 2.01125  0.79902  2 
 2.00875  0.798816  2 

# Contour 5, label: 
 1.89875  0.837909  2 
 1.90038  0.83875  2 
 1.90125  0.839162  2 
 1.90375  0.840317  2 
 1.9057  0.84125  2 
 1.90625  0.84149  2 
 1.90875  0.84253  2 
 1.91125  0.843615  2 
 1.91157  0.84375  2 
 1.91375  0.84456  2 
 1.91625  0.84551  2 
 1.91814  0.84625  2 
 1.91875  0.84646  2 
 1.92125  0.847288  2 
 1.92375  0.848156  2 
 1.92542  0.84875  2 
 1.92625  0.849007  2 
 1.92875  0.849762  2 
 1.93125  0.850563  2 
 1.93326  0.85125  2 
 1.93375  0.851395  2 
 1.93625  0.852127  2 
 1.93875  0.852941  2 
 1.94095  0.85375  2 
 1.94125  0.853845  2 
 1.94375  0.854642  2 
 1.94625  0.855549  2 
 1.94798  0.85625  2 
 1.94875  0.856513  2 
 1.95125  0.857409  2 
 1.95375  0.85844  2 
 1.95445  0.85875  2 
 1.95625  0.859409  2 
 1.95875  0.860439  2 
 1.96045  0.86125  2 
 1.96125  0.861565  2 
 1.96375  0.862678  2 
 1.96573  0.86375  2 
 1.96625  0.863987  2 
 1.96875  0.865279  2 
 1.97041  0.86625  2 
 1.97125  0.866668  2 
 1.97375  0.867928  2 
 1.97536  0.86875  2 
 1.97625  0.869131  2 
 1.97875  0.870154  2 
 1.98125  0.871202  2 
 1.98137  0.87125  2 
 1.98375  0.872058  2 
 1.98625  0.872927  2 
 1.98851  0.87375  2 
 1.98875  0.873826  2 
 1.99125  0.874597  2 
 1.99375  0.87543  2 
 1.99598  0.87625  2 
 1.99625  0.876336  2 
 1.99875  0.877174  2 
 2.00125  0.878156  2 
 2.00253  0.87875  2 
 2.00375  0.879235  2 
 2.00625  0.880351  2 
 2.00826  0.88125  2 
 2.00875  0.881443  2 
 2.01125  0.882306  2 
 2.01375  0.883097  2 
 2.01595  0.88375  2 
 2.01625  0.883833  2 
 2.01875  0.884414  2 
 2.02125  0.884904  2 
 2.02375  0.885345  2 
 2.02625  0.885756  2 
 2.02875  0.886147  2 
 2.02943  0.88625  2 
 2.03125  0.88649  2 
 2.03375  0.886823  2 
 2.03625  0.887186  2 
 2.03875  0.887586  2 
 2.04125  0.888021  2 
 2.04375  0.88847  2 
 2.04536  0.88875  2 
 2.04625  0.888879  2 
 2.04875  0.889217  2 
 2.05125  0.889543  2 
 2.05375  0.889862  2 
 2.05625  0.890164  2 
 2.05875  0.890429  2 
 2.06125  0.890644  2 
 2.06375  0.890799  2 
 2.06625  0.890906  2 
 2.06875  0.890984  2 
 2.07125  0.891052  2 
 2.07375  0.891139  2 
 2.07593  0.89125  2 
 2.07625  0.891263  2 
 2.07875  0.891408  2 
 2.08125  0.891563  2 
 2.08375  0.891683  2 
 2.08625  0.891764  2 
 2.08875  0.891815  2 

# Contour 6, label: 
 1.77359  0.71875  2 
 1.77375  0.71908  2 
 1.77514  0.72125  2 
 1.77625  0.723483  2 
 1.77643  0.72375  2 
 1.77799  0.72625  2 
 1.77875  0.727758  2 
 1.77941  0.72875  2 
 1.78084  0.73125  2 
 1.78125  0.732047  2 
 1.78238  0.73375  2 
 1.7837  0.73625  2 
 1.78375  0.736344  2 
 1.78536  0.73875  2 
 1.78625  0.740433  2 
 1.78681  0.74125  2 
 1.78833  0.74375  2 
 1.78875  0.744531  2 
 1.78994  0.74625  2 
 1.79125  0.748645  2 
 1.79132  0.74875  2 
 1.79304  0.75125  2 
 1.79375  0.752532  2 
 1.79462  0.75375  2 
 1.79611  0.75625  2 
 1.79625  0.756499  2 
 1.79787  0.75875  2 
 1.79875  0.76027  2 
 1.79948  0.76125  2 
 1.80107  0.76375  2 
 1.80125  0.764062  2 
 1.80288  0.76625  2 
 1.80375  0.767666  2 
 1.80459  0.76875  2 
 1.80621  0.77125  2 
 1.80625  0.771309  2 
 1.80814  0.77375  2 
 1.80875  0.774687  2 
 1.81002  0.77625  2 
 1.81125  0.778046  2 
 1.81185  0.77875  2 
 1.8137  0.78125  2 
 1.81375  0.781318  2 
 1.81582  0.78375  2 
 1.81625  0.78434  2 
 1.81797  0.78625  2 
 1.81875  0.787244  2 
 1.82019  0.78875  2 
 1.82125  0.789996  2 
 1.82253  0.79125  2 
 1.82375  0.79257  2 
 1.82503  0.79375  2 
 1.82625  0.794957  2 
 1.82775  0.79625  2 
 1.82875  0.797165  2 
 1.83071  0.79875  2 
 1.83125  0.799212  2 
 1.83375  0.801102  2 
 1.83397  0.80125  2 
 1.83625  0.802826  2 
 1.83763  0.80375  2 
 1.83875  0.804498  2 
 1.84125  0.806124  2 
 1.84145  0.80625  2 
 1.84375  0.807644  2 
 1.84552  0.80875  2 
 1.84625  0.809179  2 
 1.84875  0.810665  2 
 1.8497  0.81125  2 
 1.85125  0.812132  2 
 1.85375  0.813627  2 
 1.85395  0.81375  2 
 1.85625  0.815026  2 
 1.85833  0.81625  2 
 1.85875  0.816479  2 
 1.86125  0.817835  2 
 1.86287  0.81875  2 
 1.86375  0.819216  2 
 1.86625  0.820536  2 
 1.86755  0.82125  2 
 1.86875  0.82186  2 
 1.87125  0.823163  2 
 1.87233  0.82375  2 
 1.87375  0.824465  2 
 1.87625  0.825791  2 
 1.87708  0.82625  2 
 1.87875  0.827109  2 
 1.88125  0.828498  2 
 1.88169  0.82875  2 
 1.88375  0.829839  2 
 1.88619  0.83125  2 
 1.88625  0.831283  2 
 1.88875  0.832609  2 
 1.89075  0.83375  2 
 1.89125  0.834016  2 
 1.89375  0.835324  2 
 1.89544  0.83625  2 
 1.89625  0.83666  2 
 1.89875  0.837909  2 

# Contour 7, label: 
 1.7456  0.50125  2 
 1.7456  0.50375  2 
 1.74561  0.50625  2 
 1.74562  0.50875  2 
 1.74562  0.51125  2 
 1.74564  0.51375  2 
 1.74565  0.51625  2 
 1.74567  0.51875  2 
 1.74569  0.52125  2 
 1.74571  0.52375  2 
 1.74573  0.52625  2 
 1.74575  0.52875  2 
 1.74578  0.53125  2 
 1.74581  0.53375  2 
 1.74584  0.53625  2 
 1.74588  0.53875  2 
 1.74591  0.54125  2 
 1.74595  0.54375  2 
 1.74598  0.54625  2 
 1.74602  0.54875  2 
 1.74606  0.55125  2 
 1.74611  0.55375  2 
 1.74615  0.55625  2 
 1.74619  0.55875  2 
 1.74624  0.56125  2 
 1.74625  0.561824  2 
 1.74634  0.56375  2 
 1.74646  0.56625  2 
 1.74658  0.56875  2 
 1.74671  0.57125  2 
 1.74683  0.57375  2 
 1.74694  0.57625  2 
 1.74706  0.57875  2 
 1.74718  0.58125  2 
 1.7473  0.58375  2 
 1.74741  0.58625  2 
 1.74752  0.58875  2 
 1.74763  0.59125  2 
 1.74774  0.59375  2 
 1.74785  0.59625  2 
 1.74795  0.59875  2 
 1.74805  0.60125  2 
 1.74815  0.60375  2 
 1.74825  0.60625  2 
 1.74834  0.60875  2 
 1.74844  0.61125  2 
 1.74853  0.61375  2 
 1.74862  0.61625  2 
 1.74871  0.61875  2 
 1.74875  0.619824  2 
 1.74888  0.62125  2 
 1.7491  0.62375  2 
 1.74931  0.62625  2 
 1.74951  0.62875  2 
 1.7497  0.63125  2 
 1.74988  0.63375  2 
 1.75005  0.63625  2 
 1.75021  0.63875  2 
 1.75037  0.64125  2 
 1.75051  0.64375  2 
 1.75065  0.64625  2 
 1.75079  0.64875  2 
 1.75092  0.65125  2 
 1.75104  0.65375  2 
 1.75116  0.65625  2 
 1.75125  0.658102  2 
 1.75133  0.65875  2 
 1.75163  0.66125  2 
 1.75191  0.66375  2 
 1.75218  0.66625  2 
 1.75244  0.66875  2 
 1.7527  0.67125  2 
 1.75297  0.67375  2 
 1.75326  0.67625  2 
 1.75358  0.67875  2 
 1.75375  0.679844  2 
 1.75422  0.68125  2 
 1.75515  0.68375  2 
 1.75606  0.68625  2 
 1.75625  0.686713  2 
 1.75744  0.68875  2 
 1.75862  0.69125  2 
 1.75875  0.691524  2 
 1.76007  0.69375  2 
 1.76122  0.69625  2 
 1.76125  0.696323  2 
 1.7627  0.69875  2 
 1.76375  0.701025  2 
 1.76389  0.70125  2 
 1.76538  0.70375  2 
 1.76625  0.705586  2 
 1.76667  0.70625  2 
 1.7681  0.70875  2 
 1.76875  0.710106  2 
 1.76948  0.71125  2 
 1.77084  0.71375  2 
 1.77125  0.714596  2 
 1.77231  0.71625  2 
 1.77359  0.71875  2 


# Contour 8, label:      1.9
 2.61125  0.591435  1.9 
 2.61093  0.59125  1.9 
 2.60875  0.58973  1.9 
 2.60738  0.58875  1.9 
 2.60625  0.5877  1.9 
 2.60474  0.58625  1.9 
 2.60375  0.584684  1.9 
 2.6032  0.58375  1.9 
 2.60287  0.58125  1.9 
 2.60337  0.57875  1.9 
 2.60375  0.577631  1.9 
 2.60481  0.57625  1.9 
 2.60625  0.574668  1.9 
 2.60875  0.573937  1.9 
 2.61125  0.573845  1.9 
 2.61375  0.57402  1.9 
 2.61625  0.57446  1.9 
 2.61875  0.575115  1.9 
 2.62125  0.576027  1.9 
 2.62174  0.57625  1.9 
 2.62375  0.5771  1.9 
 2.62625  0.578362  1.9 
 2.6269  0.57875  1.9 
 2.62875  0.579936  1.9 
 2.63042  0.58125  1.9 
 2.63125  0.582223  1.9 
 2.63232  0.58375  1.9 
 2.63288  0.58625  1.9 
 2.63184  0.58875  1.9 
 2.63125  0.589324  1.9 
 2.62882  0.59125  1.9 
 2.62875  0.591283  1.9 
 2.62625  0.592327  1.9 
 2.62375  0.593093  1.9 
 2.62125  0.593542  1.9 
 2.61875  0.593629  1.9 
 2.61625  0.593322  1.9 
 2.61375  0.592549  1.9 
 2.61125  0.591435  1.9 

# Contour 9, label: 
 2.09125  0.59419  1.9 
 2.09158  0.59375  1.9 
 2.09342  0.59125  1.9 
 2.09375  0.590779  1.9 
 2.09512  0.58875  1.9 
 2.09625  0.587013  1.9 
 2.09674  0.58625  1.9 
 2.09842  0.58375  1.9 
 2.09875  0.583294  1.9 
 2.10028  0.58125  1.9 
 2.10125  0.580063  1.9 
 2.10236  0.57875  1.9 
 2.10375  0.577228  1.9 
 2.10468  0.57625  1.9 
 2.10625  0.574706  1.9 
 2.10728  0.57375  1.9 
 2.10875  0.572456  1.9 
 2.11021  0.57125  1.9 
 2.11125  0.570424  1.9 
 2.1134  0.56875  1.9 
 2.11375  0.568476  1.9 
 2.11625  0.56648  1.9 
 2.11653  0.56625  1.9 
 2.11875  0.564364  1.9 
 2.11945  0.56375  1.9 
 2.12125  0.562113  1.9 
 2.12217  0.56125  1.9 
 2.12375  0.559795  1.9 
 2.12486  0.55875  1.9 
 2.12625  0.557483  1.9 
 2.12763  0.55625  1.9 
 2.12875  0.55532  1.9 
 2.13065  0.55375  1.9 
 2.13125  0.553273  1.9 
 2.13371  0.55125  1.9 
 2.13375  0.55122  1.9 
 2.13625  0.549054  1.9 
 2.13658  0.54875  1.9 
 2.13875  0.546719  1.9 
 2.13921  0.54625  1.9 
 2.14125  0.544059  1.9 
 2.14152  0.54375  1.9 
 2.14352  0.54125  1.9 
 2.14375  0.540936  1.9 
 2.14529  0.53875  1.9 
 2.14625  0.537487  1.9 
 2.14718  0.53625  1.9 
 2.14875  0.534405  1.9 
 2.14932  0.53375  1.9 
 2.15125  0.531835  1.9 
 2.15186  0.53125  1.9 
 2.15375  0.529644  1.9 
 2.15484  0.52875  1.9 
 2.15625  0.527668  1.9 
 2.15813  0.52625  1.9 
 2.15875  0.525787  1.9 
 2.16125  0.523909  1.9 
 2.16145  0.52375  1.9 
 2.16375  0.521966  1.9 
 2.16462  0.52125  1.9 
 2.16625  0.5199  1.9 
 2.16758  0.51875  1.9 
 2.16875  0.517721  1.9 
 2.17038  0.51625  1.9 
 2.17125  0.515436  1.9 
 2.17305  0.51375  1.9 
 2.17375  0.513055  1.9 
 2.1756  0.51125  1.9 
 2.17625  0.510575  1.9 
 2.17804  0.50875  1.9 
 2.17875  0.507929  1.9 
 2.18021  0.50625  1.9 
 2.18125  0.504756  1.9 
 2.18191  0.50375  1.9 
 2.18303  0.50125  1.9 

# Contour 10, label: 
 1.99606  0.50125  1.9 
 1.99554  0.50375  1.9 
 1.99517  0.50625  1.9 
 1.99494  0.50875  1.9 
 1.99483  0.51125  1.9 
 1.99483  0.51375  1.9 
 1.99495  0.51625  1.9 
 1.99518  0.51875  1.9 
 1.9955  0.52125  1.9 
 1.99584  0.52375  1.9 
 1.99621  0.52625  1.9 
 1.99625  0.526488  1.9 
 1.99663  0.52875  1.9 
 1.99701  0.53125  1.9 
 1.99741  0.53375  1.9 
 1.9978  0.53625  1.9 
 1.99825  0.53875  1.9 
 1.9986  0.54125  1.9 
 1.99875  0.542083  1.9 
 1.99903  0.54375  1.9 
 1.99935  0.54625  1.9 
 1.99967  0.54875  1.9 
 1.99995  0.55125  1.9 
 2.00018  0.55375  1.9 
 2.00037  0.55625  1.9 
 2.00056  0.55875  1.9 
 2.00083  0.56125  1.9 
 2.00125  0.563142  1.9 
 2.00139  0.56375  1.9 
 2.00209  0.56625  1.9 
 2.00297  0.56875  1.9 
 2.00375  0.570873  1.9 
 2.00389  0.57125  1.9 
 2.00484  0.57375  1.9 
 2.00565  0.57625  1.9 
 2.0062  0.57875  1.9 
 2.00625  0.579  1.9 
 2.00672  0.58125  1.9 
 2.00719  0.58375  1.9 
 2.00769  0.58625  1.9 
 2.00815  0.58875  1.9 
 2.00855  0.59125  1.9 
 2.00875  0.593083  1.9 
 2.00882  0.59375  1.9 
 2.00893  0.59625  1.9 
 2.00888  0.59875  1.9 
 2.00875  0.600972  1.9 
 2.00874  0.60125  1.9 
 2.00857  0.60375  1.9 
 2.00849  0.60625  1.9 
 2.00859  0.60875  1.9 
 2.00875  0.609808  1.9 
 2.00902  0.61125  1.9 
 2.01005  0.61375  1.9 
 2.01125  0.615371  1.9 
 2.01221  0.61625  1.9 
 2.01375  0.617254  1.9 
 2.01625  0.61834  1.9 
 2.01762  0.61875  1.9 
 2.01875  0.61906  1.9 
 2.02125  0.619526  1.9 
 2.02375  0.619816  1.9 
 2.02625  0.619956  1.9 
 2.02875  0.619974  1.9 
 2.03125  0.619921  1.9 
 2.03375  0.61975  1.9 
 2.03625  0.619447  1.9 
 2.03875  0.619031  1.9 
 2.04012  0.61875  1.9 
 2.04125  0.618517  1.9 
 2.04375  0.61796  1.9 
 2.04625  0.617375  1.9 
 2.04875  0.616795  1.9 
 2.05125  0.616265  1.9 
 2.05133  0.61625  1.9 
 2.05375  0.615801  1.9 
 2.05625  0.61539  1.9 
 2.05875  0.614975  1.9 
 2.06125  0.614485  1.9 
 2.06375  0.613869  1.9 
 2.06411  0.61375  1.9 
 2.06625  0.613071  1.9 
 2.06875  0.612128  1.9 
 2.0707  0.61125  1.9 
 2.07125  0.611  1.9 
 2.07375  0.609717  1.9 
 2.0754  0.60875  1.9 
 2.07625  0.608233  1.9 
 2.07875  0.606535  1.9 
 2.07913  0.60625  1.9 
 2.08125  0.604619  1.9 
 2.08228  0.60375  1.9 
 2.08375  0.602456  1.9 
 2.08501  0.60125  1.9 
 2.08625  0.600012  1.9 
 2.08742  0.59875  1.9 
 2.08875  0.597264  1.9 
 2.0896  0.59625  1.9 
 2.09125  0.59419  1.9 

# Contour 11, label: 
 2.14375  0.608842  1.9 
 2.14382  0.60875  1.9 
 2.14557  0.60625  1.9 
 2.14625  0.605267  1.9 
 2.14722  0.60375  1.9 
 2.14875  0.601312  1.9 
 2.14879  0.60125  1.9 
 2.1502  0.59875  1.9 
 2.15125  0.596921  1.9 
 2.15162  0.59625  1.9 
 2.15304  0.59375  1.9 
 2.15375  0.592594  1.9 
 2.15457  0.59125  1.9 
 2.15625  0.588815  1.9 
 2.1563  0.58875  1.9 
 2.15812  0.58625  1.9 
 2.15875  0.585481  1.9 
 2.16013  0.58375  1.9 
 2.16125  0.582442  1.9 
 2.16223  0.58125  1.9 
 2.16375  0.579426  1.9 
 2.16428  0.57875  1.9 
 2.16624  0.57625  1.9 
 2.16804  0.57375  1.9 
 2.16875  0.572773  1.9 
 2.1698  0.57125  1.9 
 2.17125  0.56926  1.9 
 2.17161  0.56875  1.9 
 2.17352  0.56625  1.9 
 2.17375  0.565969  1.9 
 2.17555  0.56375  1.9 
 2.17625  0.562953  1.9 
 2.1777  0.56125  1.9 
 2.17875  0.560056  1.9 
 2.17984  0.55875  1.9 
 2.18125  0.557037  1.9 
 2.18186  0.55625  1.9 
 2.18374  0.55375  1.9 
 2.18375  0.553738  1.9 
 2.18542  0.55125  1.9 
 2.18625  0.549997  1.9 
 2.18703  0.54875  1.9 
 2.18861  0.54625  1.9 
 2.18875  0.546013  1.9 
 2.1901  0.54375  1.9 
 2.19125  0.541727  1.9 
 2.19152  0.54125  1.9 
 2.19291  0.53875  1.9 
 2.19375  0.537387  1.9 
 2.19444  0.53625  1.9 
 2.19609  0.53375  1.9 
 2.19625  0.533527  1.9 
 2.19784  0.53125  1.9 
 2.19875  0.529983  1.9 
 2.19964  0.52875  1.9 
 2.20125  0.526673  1.9 
 2.20159  0.52625  1.9 
 2.20375  0.523834  1.9 
 2.20383  0.52375  1.9 
 2.20625  0.521572  1.9 
 2.20664  0.52125  1.9 
 2.20875  0.519748  1.9 
 2.21024  0.51875  1.9 
 2.21125  0.518117  1.9 
 2.21375  0.516457  1.9 
 2.21403  0.51625  1.9 
 2.21625  0.514501  1.9 
 2.21709  0.51375  1.9 
 2.21875  0.512098  1.9 
 2.2195  0.51125  1.9 
 2.22125  0.508981  1.9 
 2.22141  0.50875  1.9 
 2.22285  0.50625  1.9 
 2.22375  0.504258  1.9 
 2.22396  0.50375  1.9 
 2.22464  0.50125  1.9 

# Contour 12, label: 
 2.11343  0.80875  1.9 
 2.11269  0.80625  1.9 
 2.1119  0.80375  1.9 
 2.11125  0.801585  1.9 
 2.11117  0.80125  1.9 
 2.11063  0.79875  1.9 
 2.11019  0.79625  1.9 
 2.10988  0.79375  1.9 
 2.10966  0.79125  1.9 
 2.10951  0.78875  1.9 
 2.1094  0.78625  1.9 
 2.10931  0.78375  1.9 
 2.10921  0.78125  1.9 
 2.1091  0.77875  1.9 
 2.10898  0.77625  1.9 
 2.10883  0.77375  1.9 
 2.10875  0.772355  1.9 
 2.10869  0.77125  1.9 
 2.10858  0.76875  1.9 
 2.10849  0.76625  1.9 
 2.10845  0.76375  1.9 
 2.10845  0.76125  1.9 
 2.10851  0.75875  1.9 
 2.10862  0.75625  1.9 
 2.10875  0.754194  1.9 
 2.10878  0.75375  1.9 
 2.10898  0.75125  1.9 
 2.10916  0.74875  1.9 
 2.10928  0.74625  1.9 
 2.10933  0.74375  1.9 
 2.10933  0.74125  1.9 
 2.10928  0.73875  1.9 
 2.10913  0.73625  1.9 
 2.10888  0.73375  1.9 
 2.10875  0.732776  1.9 
 2.10855  0.73125  1.9 
 2.10822  0.72875  1.9 
 2.10802  0.72625  1.9 
 2.10797  0.72375  1.9 
 2.10802  0.72125  1.9 
 2.10814  0.71875  1.9 
 2.10833  0.71625  1.9 
 2.10858  0.71375  1.9 
 2.10875  0.712361  1.9 
 2.10889  0.71125  1.9 
 2.10925  0.70875  1.9 
 2.10965  0.70625  1.9 
 2.11008  0.70375  1.9 
 2.11056  0.70125  1.9 
 2.1111  0.69875  1.9 
 2.11125  0.698134  1.9 
 2.11167  0.69625  1.9 
 2.11224  0.69375  1.9 
 2.11284  0.69125  1.9 
 2.11347  0.68875  1.9 
 2.11375  0.687643  1.9 
 2.11407  0.68625  1.9 
 2.11462  0.68375  1.9 
 2.11513  0.68125  1.9 
 2.11561  0.67875  1.9 
 2.11604  0.67625  1.9 
 2.11625  0.674934  1.9 
 2.11642  0.67375  1.9 
 2.11677  0.67125  1.9 
 2.11713  0.66875  1.9 
 2.11753  0.66625  1.9 
 2.11799  0.66375  1.9 
 2.11856  0.66125  1.9 
 2.11875  0.660518  1.9 
 2.11919  0.65875  1.9 
 2.11991  0.65625  1.9 
 2.12074  0.65375  1.9 
 2.12125  0.65237  1.9 
 2.12164  0.65125  1.9 
 2.12259  0.64875  1.9 
 2.12362  0.64625  1.9 
 2.12375  0.64593  1.9 
 2.12458  0.64375  1.9 
 2.12557  0.64125  1.9 
 2.12625  0.639575  1.9 
 2.12656  0.63875  1.9 
 2.12748  0.63625  1.9 
 2.12844  0.63375  1.9 
 2.12875  0.632937  1.9 
 2.12936  0.63125  1.9 
 2.13035  0.62875  1.9 
 2.13125  0.626779  1.9 
 2.13148  0.62625  1.9 
 2.13274  0.62375  1.9 
 2.13375  0.622131  1.9 
 2.13428  0.62125  1.9 
 2.13604  0.61875  1.9 
 2.13625  0.618487  1.9 
 2.13793  0.61625  1.9 
 2.13875  0.615255  1.9 
 2.1399  0.61375  1.9 
 2.14125  0.612098  1.9 
 2.14189  0.61125  1.9 
 2.14375  0.608842  1.9 

# Contour 13, label: 
 2.12546  0.99875  1.9 
 2.12545  0.99625  1.9 
 2.12541  0.99375  1.9 
 2.12537  0.99125  1.9 
 2.12532  0.98875  1.9 
 2.12527  0.98625  1.9 
 2.12522  0.98375  1.9 
 2.12516  0.98125  1.9 
 2.12512  0.97875  1.9 
 2.12506  0.97625  1.9 
 2.12501  0.97375  1.9 
 2.12495  0.97125  1.9 
 2.12489  0.96875  1.9 
 2.12485  0.96625  1.9 
 2.1248  0.96375  1.9 
 2.1248  0.96125  1.9 
 2.12481  0.95875  1.9 
 2.12487  0.95625  1.9 
 2.12496  0.95375  1.9 
 2.12508  0.95125  1.9 
 2.12521  0.94875  1.9 
 2.12535  0.94625  1.9 
 2.12548  0.94375  1.9 
 2.12561  0.94125  1.9 
 2.12572  0.93875  1.9 
 2.12581  0.93625  1.9 
 2.12593  0.93375  1.9 
 2.12609  0.93125  1.9 
 2.12625  0.92962  1.9 
 2.12634  0.92875  1.9 
 2.12675  0.92625  1.9 
 2.12751  0.92375  1.9 
 2.12875  0.921594  1.9 
 2.12894  0.92125  1.9 
 2.13107  0.91875  1.9 
 2.13125  0.918596  1.9 
 2.13365  0.91625  1.9 
 2.13375  0.916165  1.9 
 2.13625  0.913778  1.9 
 2.13628  0.91375  1.9 
 2.13875  0.911487  1.9 
 2.13898  0.91125  1.9 
 2.14125  0.909472  1.9 
 2.14195  0.90875  1.9 
 2.14375  0.907368  1.9 
 2.14477  0.90625  1.9 
 2.14625  0.904516  1.9 
 2.14678  0.90375  1.9 
 2.1476  0.90125  1.9 
 2.14805  0.89875  1.9 
 2.14827  0.89625  1.9 
 2.14832  0.89375  1.9 
 2.14839  0.89125  1.9 
 2.14825  0.88875  1.9 
 2.14767  0.88625  1.9 
 2.14674  0.88375  1.9 
 2.14625  0.882604  1.9 
 2.14565  0.88125  1.9 
 2.14444  0.87875  1.9 
 2.14375  0.877614  1.9 
 2.14297  0.87625  1.9 
 2.14145  0.87375  1.9 
 2.14125  0.873405  1.9 
 2.1401  0.87125  1.9 
 2.13875  0.86875  1.9 
 2.13751  0.86625  1.9 
 2.13626  0.86375  1.9 
 2.13625  0.863738  1.9 
 2.13512  0.86125  1.9 
 2.13394  0.85875  1.9 
 2.13375  0.858362  1.9 
 2.13275  0.85625  1.9 
 2.13145  0.85375  1.9 
 2.13125  0.853367  1.9 
 2.13017  0.85125  1.9 
 2.12877  0.84875  1.9 
 2.12875  0.848715  1.9 
 2.12741  0.84625  1.9 
 2.12625  0.844241  1.9 
 2.12599  0.84375  1.9 
 2.1247  0.84125  1.9 
 2.12375  0.83943  1.9 
 2.12344  0.83875  1.9 
 2.12232  0.83625  1.9 
 2.12125  0.833837  1.9 
 2.12122  0.83375  1.9 
 2.12027  0.83125  1.9 
 2.11932  0.82875  1.9 
 2.11875  0.827302  1.9 
 2.11839  0.82625  1.9 
 2.11752  0.82375  1.9 
 2.11668  0.82125  1.9 
 2.11625  0.819821  1.9 
 2.11597  0.81875  1.9 
 2.11537  0.81625  1.9 
 2.11478  0.81375  1.9 
 2.11413  0.81125  1.9 
 2.11375  0.809951  1.9 
 2.11343  0.80875  1.9 

# Contour 14, label: 
 1.76409  0.70625  1.9 
 1.76375  0.705685  1.9 
 1.76279  0.70375  1.9 
 1.76132  0.70125  1.9 
 1.76125  0.701142  1.9 
 1.76006  0.69875  1.9 
 1.75875  0.696558  1.9 
 1.75858  0.69625  1.9 
 1.7573  0.69375  1.9 
 1.75625  0.691938  1.9 
 1.75591  0.69125  1.9 
 1.75477  0.68875  1.9 
 1.75375  0.686601  1.9 
 1.75364  0.68625  1.9 
 1.753  0.68375  1.9 
 1.7525  0.68125  1.9 
 1.75207  0.67875  1.9 
 1.75168  0.67625  1.9 
 1.75131  0.67375  1.9 
 1.75125  0.673335  1.9 
 1.75112  0.67125  1.9 
 1.75096  0.66875  1.9 
 1.75082  0.66625  1.9 
 1.75066  0.66375  1.9 
 1.75051  0.66125  1.9 
 1.75035  0.65875  1.9 
 1.75018  0.65625  1.9 
 1.75  0.65375  1.9 
 1.74982  0.65125  1.9 
 1.74963  0.64875  1.9 
 1.74942  0.64625  1.9 
 1.74921  0.64375  1.9 
 1.74899  0.64125  1.9 
 1.74875  0.638751  1.9 
 1.74864  0.63625  1.9 
 1.74853  0.63375  1.9 
 1.74841  0.63125  1.9 
 1.7483  0.62875  1.9 
 1.74818  0.62625  1.9 
 1.74806  0.62375  1.9 
 1.74793  0.62125  1.9 
 1.74781  0.61875  1.9 
 1.74768  0.61625  1.9 
 1.74754  0.61375  1.9 
 1.74741  0.61125  1.9 
 1.74726  0.60875  1.9 
 1.74712  0.60625  1.9 
 1.74697  0.60375  1.9 
 1.74682  0.60125  1.9 
 1.74666  0.59875  1.9 
 1.7465  0.59625  1.9 
 1.74634  0.59375  1.9 
 1.74625  0.592353  1.9 
 1.74622  0.59125  1.9 
 1.74614  0.58875  1.9 
 1.74607  0.58625  1.9 
 1.74599  0.58375  1.9 
 1.74592  0.58125  1.9 
 1.74585  0.57875  1.9 
 1.74578  0.57625  1.9 
 1.7457  0.57375  1.9 
 1.74563  0.57125  1.9 
 1.74556  0.56875  1.9 
 1.7455  0.56625  1.9 
 1.74543  0.56375  1.9 
 1.74536  0.56125  1.9 
 1.7453  0.55875  1.9 
 1.74523  0.55625  1.9 
 1.74517  0.55375  1.9 
 1.74511  0.55125  1.9 
 1.74505  0.54875  1.9 
 1.74499  0.54625  1.9 
 1.74493  0.54375  1.9 
 1.74488  0.54125  1.9 
 1.74483  0.53875  1.9 
 1.74478  0.53625  1.9 
 1.74473  0.53375  1.9 
 1.74469  0.53125  1.9 
 1.74465  0.52875  1.9 
 1.74461  0.52625  1.9 
 1.74457  0.52375  1.9 
 1.74454  0.52125  1.9 
 1.74451  0.51875  1.9 
 1.74449  0.51625  1.9 
 1.74446  0.51375  1.9 
 1.74445  0.51125  1.9 
 1.74443  0.50875  1.9 
 1.74442  0.50625  1.9 
 1.74442  0.50375  1.9 
 1.74441  0.50125  1.9 

# Contour 15, label: 
 1.86125  0.856529  1.9 
 1.86106  0.85625  1.9 
 1.85927  0.85375  1.9 
 1.85875  0.853084  1.9 
 1.8575  0.85125  1.9 
 1.85625  0.849633  1.9 
 1.85566  0.84875  1.9 
 1.85375  0.846257  1.9 
 1.85206  0.84375  1.9 
 1.85125  0.842696  1.9 
 1.85029  0.84125  1.9 
 1.84875  0.83922  1.9 
 1.84844  0.83875  1.9 
 1.84667  0.83625  1.9 
 1.84625  0.835693  1.9 
 1.84498  0.83375  1.9 
 1.84375  0.83212  1.9 
 1.84319  0.83125  1.9 
 1.84136  0.82875  1.9 
 1.84125  0.828611  1.9 
 1.83972  0.82625  1.9 
 1.83875  0.824961  1.9 
 1.83798  0.82375  1.9 
 1.83625  0.821418  1.9 
 1.83614  0.82125  1.9 
 1.83449  0.81875  1.9 
 1.83375  0.817785  1.9 
 1.83277  0.81625  1.9 
 1.83125  0.814227  1.9 
 1.83095  0.81375  1.9 
 1.82921  0.81125  1.9 
 1.82875  0.810676  1.9 
 1.8275  0.80875  1.9 
 1.82625  0.807123  1.9 
 1.8257  0.80625  1.9 
 1.82387  0.80375  1.9 
 1.82375  0.803605  1.9 
 1.82221  0.80125  1.9 
 1.82125  0.8  1.9 
 1.82046  0.79875  1.9 
 1.81875  0.796429  1.9 
 1.81864  0.79625  1.9 
 1.817  0.79375  1.9 
 1.81625  0.79275  1.9 
 1.81531  0.79125  1.9 
 1.81375  0.789088  1.9 
 1.81354  0.78875  1.9 
 1.81193  0.78625  1.9 
 1.81125  0.785327  1.9 
 1.81029  0.78375  1.9 
 1.80875  0.781576  1.9 
 1.80855  0.78125  1.9 
 1.80698  0.77875  1.9 
 1.80625  0.777721  1.9 
 1.80537  0.77625  1.9 
 1.80375  0.773902  1.9 
 1.80366  0.77375  1.9 
 1.80216  0.77125  1.9 
 1.80125  0.76994  1.9 
 1.80055  0.76875  1.9 
 1.79891  0.76625  1.9 
 1.79875  0.766027  1.9 
 1.79744  0.76375  1.9 
 1.79625  0.76199  1.9 
 1.79582  0.76125  1.9 
 1.7943  0.75875  1.9 
 1.79375  0.757932  1.9 
 1.7928  0.75625  1.9 
 1.79125  0.753883  1.9 
 1.79117  0.75375  1.9 
 1.78977  0.75125  1.9 
 1.78875  0.74969  1.9 
 1.78823  0.74875  1.9 
 1.78674  0.74625  1.9 
 1.78625  0.745507  1.9 
 1.78529  0.74375  1.9 
 1.78375  0.741323  1.9 
 1.78371  0.74125  1.9 
 1.78237  0.73875  1.9 
 1.78125  0.736991  1.9 
 1.78085  0.73625  1.9 
 1.77945  0.73375  1.9 
 1.77875  0.732644  1.9 
 1.77801  0.73125  1.9 
 1.77654  0.72875  1.9 
 1.77625  0.728284  1.9 
 1.7752  0.72625  1.9 
 1.77375  0.723878  1.9 
 1.77368  0.72375  1.9 
 1.7724  0.72125  1.9 
 1.77125  0.719358  1.9 
 1.77093  0.71875  1.9 
 1.76962  0.71625  1.9 
 1.76875  0.714814  1.9 
 1.76821  0.71375  1.9 
 1.76686  0.71125  1.9 
 1.76625  0.710251  1.9 
 1.7655  0.70875  1.9 
 1.76409  0.70625  1.9 

# Contour 16, label: 
 1.96839  0.99875  1.9 
 1.96807  0.99625  1.9 
 1.96758  0.99375  1.9 
 1.96691  0.99125  1.9 
 1.96625  0.989257  1.9 
 1.96606  0.98875  1.9 
 1.96502  0.98625  1.9 
 1.96376  0.98375  1.9 
 1.96375  0.983736  1.9 
 1.96234  0.98125  1.9 
 1.96125  0.97951  1.9 
 1.96075  0.97875  1.9 
 1.95906  0.97625  1.9 
 1.95875  0.975801  1.9 
 1.95729  0.97375  1.9 
 1.95625  0.972338  1.9 
 1.95542  0.97125  1.9 
 1.95375  0.969136  1.9 
 1.95344  0.96875  1.9 
 1.95137  0.96625  1.9 
 1.95125  0.966108  1.9 
 1.94925  0.96375  1.9 
 1.94875  0.963185  1.9 
 1.94703  0.96125  1.9 
 1.94625  0.960404  1.9 
 1.94471  0.95875  1.9 
 1.94375  0.957745  1.9 
 1.94231  0.95625  1.9 
 1.94125  0.955185  1.9 
 1.93983  0.95375  1.9 
 1.93875  0.952705  1.9 
 1.93728  0.95125  1.9 
 1.93625  0.950274  1.9 
 1.9347  0.94875  1.9 
 1.93375  0.947852  1.9 
 1.93213  0.94625  1.9 
 1.93125  0.945415  1.9 
 1.92959  0.94375  1.9 
 1.92875  0.942944  1.9 
 1.9271  0.94125  1.9 
 1.92625  0.940424  1.9 
 1.92465  0.93875  1.9 
 1.92375  0.937858  1.9 
 1.92224  0.93625  1.9 
 1.92125  0.935249  1.9 
 1.91987  0.93375  1.9 
 1.91875  0.932601  1.9 
 1.91753  0.93125  1.9 
 1.91625  0.929915  1.9 
 1.91522  0.92875  1.9 
 1.91375  0.927186  1.9 
 1.91295  0.92625  1.9 
 1.91125  0.924407  1.9 
 1.9107  0.92375  1.9 
 1.90875  0.921568  1.9 
 1.9085  0.92125  1.9 
 1.90634  0.91875  1.9 
 1.90625  0.918648  1.9 
 1.90434  0.91625  1.9 
 1.90375  0.915574  1.9 
 1.90235  0.91375  1.9 
 1.90125  0.912442  1.9 
 1.90036  0.91125  1.9 
 1.89875  0.909264  1.9 
 1.89838  0.90875  1.9 
 1.89645  0.90625  1.9 
 1.89625  0.905996  1.9 
 1.89467  0.90375  1.9 
 1.89375  0.902557  1.9 
 1.89286  0.90125  1.9 
 1.89125  0.899103  1.9 
 1.89102  0.89875  1.9 
 1.8893  0.89625  1.9 
 1.88875  0.895504  1.9 
 1.88761  0.89375  1.9 
 1.88625  0.891864  1.9 
 1.88586  0.89125  1.9 
 1.88415  0.88875  1.9 
 1.88375  0.888197  1.9 
 1.88251  0.88625  1.9 
 1.88125  0.884498  1.9 
 1.88077  0.88375  1.9 
 1.87902  0.88125  1.9 
 1.87875  0.880876  1.9 
 1.87737  0.87875  1.9 
 1.87625  0.877223  1.9 
 1.87561  0.87625  1.9 
 1.87375  0.87375  1.9 
 1.87207  0.87125  1.9 
 1.87125  0.870164  1.9 
 1.87029  0.86875  1.9 
 1.86875  0.866736  1.9 
 1.86842  0.86625  1.9 
 1.86658  0.86375  1.9 
 1.86625  0.863327  1.9 
 1.86482  0.86125  1.9 
 1.86375  0.859884  1.9 
 1.86297  0.85875  1.9 
 1.86125  0.856529  1.9 


# Contour 17, label:      1.8
 2.51375  0.644267  1.8 
 2.51255  0.64375  1.8 
 2.51375  0.641856  1.8 
 2.51423  0.64125  1.8 
 2.51625  0.64062  1.8 
 2.51875  0.640417  1.8 
 2.52125  0.640697  1.8 
 2.52375  0.641126  1.8 
 2.52441  0.64125  1.8 
 2.52625  0.642457  1.8 
 2.52875  0.642224  1.8 
 2.52968  0.64375  1.8 
 2.52875  0.645041  1.8 
 2.52625  0.644458  1.8 
 2.52469  0.64375  1.8 
 2.52375  0.642143  1.8 
 2.52125  0.643167  1.8 
 2.5206  0.64375  1.8 
 2.51875  0.643967  1.8 
 2.51625  0.64431  1.8 
 2.51375  0.644267  1.8 

# Contour 18, label: 
 2.52375  0.651534  1.8 
 2.52265  0.65125  1.8 
 2.52375  0.650355  1.8 
 2.52625  0.648985  1.8 
 2.52875  0.649936  1.8 
 2.52965  0.65125  1.8 
 2.52875  0.651971  1.8 
 2.52625  0.652248  1.8 
 2.52375  0.651534  1.8 

# Contour 19, label: 
 2.68625  0.654506  1.8 
 2.6846  0.65375  1.8 
 2.68625  0.652822  1.8 
 2.68675  0.65375  1.8 
 2.68625  0.654506  1.8 

# Contour 20, label: 
 2.55125  0.654155  1.8 
 2.55095  0.65375  1.8 
 2.54875  0.652003  1.8 
 2.54625  0.652335  1.8 
 2.54375  0.652355  1.8 
 2.54245  0.65125  1.8 
 2.54191  0.64875  1.8 
 2.54125  0.6468  1.8 
 2.53875  0.64724  1.8 
 2.53625  0.646735  1.8 
 2.53375  0.64632  1.8 
 2.53368  0.64625  1.8 
 2.53256  0.64375  1.8 
 2.53375  0.642019  1.8 
 2.53586  0.64125  1.8 
 2.53625  0.641195  1.8 
 2.5365  0.64125  1.8 
 2.53875  0.642336  1.8 
 2.54091  0.64375  1.8 
 2.54125  0.644583  1.8 
 2.54375  0.645593  1.8 
 2.54438  0.64625  1.8 
 2.54625  0.647975  1.8 
 2.5477  0.64875  1.8 
 2.54875  0.649134  1.8 
 2.5505  0.65125  1.8 
 2.55125  0.652682  1.8 
 2.55233  0.65375  1.8 
 2.55125  0.654155  1.8 

# Contour 21, label: 
 2.52125  0.654334  1.8 
 2.52016  0.65375  1.8 
 2.52125  0.652255  1.8 
 2.52174  0.65375  1.8 
 2.52125  0.654334  1.8 

# Contour 22, label: 
 2.64125  0.661343  1.8 
 2.64078  0.66125  1.8 
 2.64125  0.661161  1.8 
 2.64142  0.66125  1.8 
 2.64125  0.661343  1.8 

# Contour 23, label: 
 2.53125  0.661524  1.8 
 2.5311  0.66125  1.8 
 2.53125  0.659076  1.8 
 2.53176  0.66125  1.8 
 2.53125  0.661524  1.8 

# Contour 24, label: 
 2.66875  0.664015  1.8 
 2.66854  0.66375  1.8 
 2.66875  0.663432  1.8 
 2.66935  0.66375  1.8 
 2.66875  0.664015  1.8 

# Contour 25, label: 
 2.55125  0.66396  1.8 
 2.551  0.66375  1.8 
 2.55125  0.663123  1.8 
 2.55375  0.663386  1.8 
 2.55394  0.66375  1.8 
 2.55375  0.66394  1.8 
 2.55125  0.66396  1.8 

# Contour 26, label: 
 2.53375  0.666381  1.8 
 2.53351  0.66625  1.8 
 2.53375  0.666086  1.8 
 2.53394  0.66625  1.8 
 2.53375  0.666381  1.8 

# Contour 27, label: 
 2.65125  0.669154  1.8 
 2.65105  0.66875  1.8 
 2.65125  0.668546  1.8 
 2.65146  0.66875  1.8 
 2.65125  0.669154  1.8 

# Contour 28, label: 
 2.52125  0.678699  1.8 
 2.52025  0.67625  1.8 
 2.52125  0.675432  1.8 
 2.52164  0.67625  1.8 
 2.52125  0.678699  1.8 

# Contour 29, label: 
 2.57125  0.678835  1.8 
 2.57104  0.67875  1.8 
 2.57125  0.678541  1.8 
 2.57134  0.67875  1.8 
 2.57125  0.678835  1.8 

# Contour 30, label: 
 2.54125  0.679599  1.8 
 2.53908  0.67875  1.8 
 2.54125  0.677762  1.8 
 2.54375  0.677847  1.8 
 2.54625  0.678344  1.8 
 2.54674  0.67875  1.8 
 2.54625  0.678927  1.8 
 2.54375  0.679335  1.8 
 2.54125  0.679599  1.8 

# Contour 31, label: 
 2.53125  0.678758  1.8 
 2.53125  0.678741  1.8 
 2.53375  0.677763  1.8 
 2.53625  0.678748  1.8 
 2.53375  0.679945  1.8 
 2.53125  0.678758  1.8 

# Contour 32, label: 
 2.51875  0.683915  1.8 
 2.51854  0.68375  1.8 
 2.51875  0.68362  1.8 
 2.52125  0.6822  1.8 
 2.52375  0.682539  1.8 
 2.52625  0.683086  1.8 
 2.52875  0.68308  1.8 
 2.53125  0.682727  1.8 
 2.53375  0.682485  1.8 
 2.53625  0.68285  1.8 
 2.53875  0.682872  1.8 
 2.54103  0.68375  1.8 
 2.53875  0.684827  1.8 
 2.53625  0.684821  1.8 
 2.53375  0.684861  1.8 
 2.53125  0.684669  1.8 
 2.52875  0.685138  1.8 
 2.52625  0.684921  1.8 
 2.52375  0.685526  1.8 
 2.52125  0.684493  1.8 
 2.51875  0.683915  1.8 

# Contour 33, label: 
 2.55625  0.688078  1.8 
 2.55573  0.68625  1.8 
 2.55375  0.683904  1.8 
 2.55312  0.68375  1.8 
 2.55375  0.683474  1.8 
 2.55625  0.68293  1.8 
 2.55745  0.68375  1.8 
 2.55774  0.68625  1.8 
 2.55625  0.688078  1.8 

# Contour 34, label: 
 2.56125  0.690478  1.8 
 2.55942  0.68875  1.8 
 2.56125  0.687239  1.8 
 2.56375  0.686437  1.8 
 2.56392  0.68625  1.8 
 2.56625  0.685238  1.8 
 2.56765  0.68625  1.8 
 2.56801  0.68875  1.8 
 2.56625  0.690047  1.8 
 2.56375  0.689533  1.8 
 2.56125  0.690478  1.8 

# Contour 35, label: 
 2.55875  0.694108  1.8 
 2.5584  0.69375  1.8 
 2.55625  0.691584  1.8 
 2.5558  0.69125  1.8 
 2.55625  0.690026  1.8 
 2.55764  0.69125  1.8 
 2.55875  0.692327  1.8 
 2.55917  0.69375  1.8 
 2.55875  0.694108  1.8 

# Contour 36, label: 
 2.40375  0.7088  1.8 
 2.40373  0.70875  1.8 
 2.40375  0.70871  1.8 
 2.4038  0.70875  1.8 
 2.40375  0.7088  1.8 

# Contour 37, label: 
 2.42875  0.555665  1.8 
 2.42647  0.55375  1.8 
 2.42625  0.553568  1.8 
 2.42375  0.551811  1.8 
 2.42281  0.55125  1.8 
 2.42125  0.550385  1.8 
 2.41875  0.54916  1.8 
 2.41789  0.54875  1.8 
 2.41625  0.547944  1.8 
 2.41375  0.546603  1.8 
 2.41317  0.54625  1.8 
 2.41125  0.544888  1.8 
 2.40988  0.54375  1.8 
 2.40875  0.542616  1.8 
 2.40754  0.54125  1.8 
 2.40625  0.539538  1.8 
 2.40569  0.53875  1.8 
 2.40392  0.53625  1.8 
 2.40375  0.536022  1.8 
 2.40201  0.53375  1.8 
 2.40125  0.532792  1.8 
 2.4  0.53125  1.8 
 2.39875  0.529583  1.8 
 2.39814  0.52875  1.8 
 2.39675  0.52625  1.8 
 2.39625  0.524852  1.8 
 2.39588  0.52375  1.8 
 2.39539  0.52125  1.8 
 2.39509  0.51875  1.8 
 2.39491  0.51625  1.8 
 2.39482  0.51375  1.8 
 2.39483  0.51125  1.8 
 2.39507  0.50875  1.8 
 2.39548  0.50625  1.8 
 2.396  0.50375  1.8 
 2.39625  0.502179  1.8 
 2.39641  0.50125  1.8 

# Contour 38, label: 
 2.44375  0.639724  1.8 
 2.44625  0.639894  1.8 
 2.44875  0.640021  1.8 
 2.45125  0.640215  1.8 
 2.45375  0.64058  1.8 
 2.45623  0.64125  1.8 
 2.45875  0.642377  1.8 
 2.46125  0.64323  1.8 
 2.46375  0.643712  1.8 
 2.46423  0.64375  1.8 
 2.46625  0.643906  1.8 
 2.46875  0.643918  1.8 
 2.47125  0.643809  1.8 
 2.47205  0.64375  1.8 
 2.47375  0.643633  1.8 
 2.47625  0.64346  1.8 
 2.47875  0.643299  1.8 
 2.48125  0.643117  1.8 
 2.48375  0.642829  1.8 
 2.48625  0.642383  1.8 
 2.48875  0.641826  1.8 
 2.49099  0.64125  1.8 
 2.49125  0.641179  1.8 
 2.49375  0.640487  1.8 
 2.49625  0.639731  1.8 
 2.49875  0.638891  1.8 
 2.49922  0.63875  1.8 
 2.50125  0.63771  1.8 
 2.503  0.63625  1.8 
 2.50375  0.635  1.8 
 2.50435  0.63375  1.8 
 2.50569  0.63125  1.8 
 2.50625  0.630491  1.8 
 2.50792  0.62875  1.8 
 2.50875  0.627667  1.8 
 2.51088  0.62625  1.8 
 2.51125  0.625688  1.8 
 2.51314  0.62375  1.8 
 2.51268  0.62125  1.8 
 2.51125  0.620855  1.8 
 2.50875  0.620745  1.8 
 2.50625  0.62075  1.8 
 2.50375  0.620536  1.8 
 2.50125  0.619714  1.8 
 2.49987  0.61875  1.8 
 2.49895  0.61625  1.8 
 2.49957  0.61375  1.8 
 2.49996  0.61125  1.8 
 2.4992  0.60875  1.8 
 2.49875  0.608355  1.8 
 2.49625  0.606887  1.8 
 2.49452  0.60625  1.8 
 2.49375  0.606056  1.8 
 2.49125  0.605483  1.8 
 2.48875  0.604865  1.8 
 2.48625  0.604152  1.8 
 2.48514  0.60375  1.8 
 2.48375  0.603146  1.8 
 2.48125  0.601746  1.8 
 2.48045  0.60125  1.8 
 2.47875  0.600105  1.8 
 2.47662  0.59875  1.8 
 2.47625  0.598492  1.8 
 2.47375  0.5968  1.8 
 2.47295  0.59625  1.8 
 2.47125  0.594442  1.8 
 2.47071  0.59375  1.8 
 2.47012  0.59125  1.8 
 2.47034  0.58875  1.8 
 2.47063  0.58625  1.8 
 2.4708  0.58375  1.8 
 2.47084  0.58125  1.8 
 2.47048  0.57875  1.8 
 2.46917  0.57625  1.8 
 2.46875  0.575775  1.8 
 2.46682  0.57375  1.8 
 2.46625  0.573344  1.8 
 2.46375  0.571651  1.8 
 2.46312  0.57125  1.8 
 2.46125  0.570362  1.8 
 2.45875  0.56923  1.8 
 2.45765  0.56875  1.8 
 2.45625  0.568255  1.8 
 2.45375  0.567405  1.8 
 2.45125  0.566569  1.8 
 2.4503  0.56625  1.8 
 2.44875  0.565802  1.8 
 2.44625  0.565046  1.8 
 2.44375  0.564223  1.8 
 2.44247  0.56375  1.8 
 2.44125  0.563294  1.8 
 2.43875  0.56224  1.8 
 2.43669  0.56125  1.8 
 2.43625  0.561009  1.8 
 2.43375  0.559509  1.8 
 2.43257  0.55875  1.8 
 2.43125  0.557724  1.8 
 2.42938  0.55625  1.8 
 2.42875  0.555665  1.8 

# Contour 39, label: 
 2.28875  0.621427  1.8 
 2.28898  0.62125  1.8 
 2.29125  0.619392  1.8 
 2.29209  0.61875  1.8 
 2.29375  0.61746  1.8 
 2.29541  0.61625  1.8 
 2.29625  0.615627  1.8 
 2.29875  0.613854  1.8 
 2.2989  0.61375  1.8 
 2.30125  0.611984  1.8 
 2.3022  0.61125  1.8 
 2.30375  0.609928  1.8 
 2.30506  0.60875  1.8 
 2.30625  0.607518  1.8 
 2.30739  0.60625  1.8 
 2.30875  0.604432  1.8 
 2.30923  0.60375  1.8 
 2.31066  0.60125  1.8 
 2.31125  0.599958  1.8 
 2.31179  0.59875  1.8 
 2.31274  0.59625  1.8 
 2.31344  0.59375  1.8 
 2.31375  0.592212  1.8 
 2.31397  0.59125  1.8 
 2.31478  0.58875  1.8 
 2.31625  0.586574  1.8 
 2.31662  0.58625  1.8 
 2.31875  0.585209  1.8 
 2.32125  0.584796  1.8 
 2.32375  0.584791  1.8 
 2.32625  0.585014  1.8 
 2.32875  0.585421  1.8 
 2.33125  0.585982  1.8 
 2.33217  0.58625  1.8 
 2.33375  0.586721  1.8 
 2.33625  0.587602  1.8 
 2.33875  0.58861  1.8 
 2.33906  0.58875  1.8 
 2.34125  0.589757  1.8 
 2.34375  0.590998  1.8 
 2.34423  0.59125  1.8 
 2.34625  0.592299  1.8 
 2.34875  0.593646  1.8 
 2.34894  0.59375  1.8 
 2.35125  0.594973  1.8 
 2.35362  0.59625  1.8 
 2.35375  0.596314  1.8 
 2.35625  0.597579  1.8 
 2.35862  0.59875  1.8 
 2.35875  0.598806  1.8 
 2.36125  0.599898  1.8 
 2.36375  0.600903  1.8 
 2.36466  0.60125  1.8 
 2.36625  0.601834  1.8 
 2.36875  0.602737  1.8 
 2.37125  0.603666  1.8 
 2.37146  0.60375  1.8 
 2.37375  0.604878  1.8 
 2.37625  0.606242  1.8 
 2.37875  0.608057  1.8 
 2.37973  0.60875  1.8 
 2.38125  0.609972  1.8 
 2.38305  0.61125  1.8 
 2.38375  0.6118  1.8 
 2.38625  0.613556  1.8 
 2.38655  0.61375  1.8 
 2.38875  0.615344  1.8 
 2.39008  0.61625  1.8 
 2.39125  0.617129  1.8 
 2.39347  0.61875  1.8 
 2.39375  0.618965  1.8 
 2.39625  0.620945  1.8 
 2.39663  0.62125  1.8 
 2.39875  0.623003  1.8 
 2.39965  0.62375  1.8 
 2.40125  0.625011  1.8 
 2.40301  0.62625  1.8 
 2.40375  0.626751  1.8 
 2.40625  0.628123  1.8 
 2.4077  0.62875  1.8 
 2.40875  0.629209  1.8 
 2.41125  0.630127  1.8 
 2.41375  0.630912  1.8 
 2.41489  0.63125  1.8 
 2.41625  0.631685  1.8 
 2.41875  0.632506  1.8 
 2.42125  0.633385  1.8 
 2.42227  0.63375  1.8 
 2.42375  0.634332  1.8 
 2.42625  0.635263  1.8 
 2.42875  0.636131  1.8 
 2.4291  0.63625  1.8 
 2.43125  0.636984  1.8 
 2.43375  0.63778  1.8 
 2.43625  0.638472  1.8 
 2.43746  0.63875  1.8 
 2.43875  0.63903  1.8 
 2.44125  0.639444  1.8 
 2.44375  0.639724  1.8 

# Contour 40, label: 
 2.24728  0.50125  1.8 
 2.2472  0.50375  1.8 
 2.24712  0.50625  1.8 
 2.24702  0.50875  1.8 
 2.24688  0.51125  1.8 
 2.24667  0.51375  1.8 
 2.24635  0.51625  1.8 
 2.24625  0.516845  1.8 
 2.24589  0.51875  1.8 
 2.24522  0.52125  1.8 
 2.24444  0.52375  1.8 
 2.24375  0.525577  1.8 
 2.24346  0.52625  1.8 
 2.24218  0.52875  1.8 
 2.24125  0.530193  1.8 
 2.24042  0.53125  1.8 
 2.23875  0.532941  1.8 
 2.23776  0.53375  1.8 
 2.23625  0.53481  1.8 
 2.23376  0.53625  1.8 
 2.23125  0.537707  1.8 
 2.22961  0.53875  1.8 
 2.22875  0.539391  1.8 
 2.22663  0.54125  1.8 
 2.22625  0.541647  1.8 
 2.22444  0.54375  1.8 
 2.22375  0.544681  1.8 
 2.22267  0.54625  1.8 
 2.22125  0.548637  1.8 
 2.22119  0.54875  1.8 
 2.22007  0.55125  1.8 
 2.21912  0.55375  1.8 
 2.21875  0.554949  1.8 
 2.21837  0.55625  1.8 
 2.21779  0.55875  1.8 
 2.2173  0.56125  1.8 
 2.21689  0.56375  1.8 
 2.21654  0.56625  1.8 
 2.21625  0.568553  1.8 
 2.21623  0.56875  1.8 
 2.21597  0.57125  1.8 
 2.21575  0.57375  1.8 
 2.21556  0.57625  1.8 
 2.21541  0.57875  1.8 
 2.21528  0.58125  1.8 
 2.21511  0.58375  1.8 
 2.21493  0.58625  1.8 
 2.21481  0.58875  1.8 
 2.21476  0.59125  1.8 
 2.21486  0.59375  1.8 
 2.21517  0.59625  1.8 
 2.21579  0.59875  1.8 
 2.21625  0.599761  1.8 
 2.21714  0.60125  1.8 
 2.21875  0.60275  1.8 
 2.2203  0.60375  1.8 
 2.22125  0.604136  1.8 
 2.22375  0.604863  1.8 
 2.22625  0.605363  1.8 
 2.22875  0.605755  1.8 
 2.23125  0.606088  1.8 
 2.23245  0.60625  1.8 
 2.23375  0.606392  1.8 
 2.23625  0.606812  1.8 
 2.23875  0.607593  1.8 
 2.24092  0.60875  1.8 
 2.24125  0.60899  1.8 
 2.24331  0.61125  1.8 
 2.24375  0.611936  1.8 
 2.24465  0.61375  1.8 
 2.24558  0.61625  1.8 
 2.24625  0.618333  1.8 
 2.24637  0.61875  1.8 
 2.24712  0.62125  1.8 
 2.24801  0.62375  1.8 
 2.24875  0.625461  1.8 
 2.24914  0.62625  1.8 
 2.25079  0.62875  1.8 
 2.25125  0.629243  1.8 
 2.25375  0.631218  1.8 
 2.25381  0.63125  1.8 
 2.25625  0.632105  1.8 
 2.25875  0.63249  1.8 
 2.26125  0.632559  1.8 
 2.26375  0.632428  1.8 
 2.26625  0.632151  1.8 
 2.26875  0.631751  1.8 
 2.27095  0.63125  1.8 
 2.27125  0.631172  1.8 
 2.27375  0.630398  1.8 
 2.27625  0.629501  1.8 
 2.27791  0.62875  1.8 
 2.27875  0.628319  1.8 
 2.28125  0.62693  1.8 
 2.28237  0.62625  1.8 
 2.28375  0.625252  1.8 
 2.28586  0.62375  1.8 
 2.28625  0.623427  1.8 
 2.28875  0.621427  1.8 

# Contour 41, label: 
 1.7567  0.69625  1.8 
 1.75625  0.695475  1.8 
 1.75527  0.69375  1.8 
 1.75396  0.69125  1.8 
 1.75375  0.690835  1.8 
 1.75295  0.68875  1.8 
 1.75218  0.68625  1.8 
 1.75155  0.68375  1.8 
 1.75125  0.682294  1.8 
 1.75114  0.68125  1.8 
 1.75091  0.67875  1.8 
 1.75071  0.67625  1.8 
 1.75054  0.67375  1.8 
 1.75036  0.67125  1.8 
 1.75018  0.66875  1.8 
 1.75  0.66625  1.8 
 1.74982  0.66375  1.8 
 1.74962  0.66125  1.8 
 1.74941  0.65875  1.8 
 1.7492  0.65625  1.8 
 1.74897  0.65375  1.8 
 1.74875  0.651497  1.8 
 1.74874  0.65125  1.8 
 1.74861  0.64875  1.8 
 1.74848  0.64625  1.8 
 1.74836  0.64375  1.8 
 1.74823  0.64125  1.8 
 1.7481  0.63875  1.8 
 1.74796  0.63625  1.8 
 1.74782  0.63375  1.8 
 1.74768  0.63125  1.8 
 1.74754  0.62875  1.8 
 1.74739  0.62625  1.8 
 1.74723  0.62375  1.8 
 1.74707  0.62125  1.8 
 1.7469  0.61875  1.8 
 1.74673  0.61625  1.8 
 1.74656  0.61375  1.8 
 1.74637  0.61125  1.8 
 1.74625  0.609576  1.8 
 1.74622  0.60875  1.8 
 1.74612  0.60625  1.8 
 1.74602  0.60375  1.8 
 1.74593  0.60125  1.8 
 1.74584  0.59875  1.8 
 1.74575  0.59625  1.8 
 1.74566  0.59375  1.8 
 1.74557  0.59125  1.8 
 1.74547  0.58875  1.8 
 1.74538  0.58625  1.8 
 1.74529  0.58375  1.8 
 1.7452  0.58125  1.8 
 1.74511  0.57875  1.8 
 1.74502  0.57625  1.8 
 1.74493  0.57375  1.8 
 1.74484  0.57125  1.8 
 1.74475  0.56875  1.8 
 1.74466  0.56625  1.8 
 1.74457  0.56375  1.8 
 1.74448  0.56125  1.8 
 1.7444  0.55875  1.8 
 1.74431  0.55625  1.8 
 1.74423  0.55375  1.8 
 1.74415  0.55125  1.8 
 1.74407  0.54875  1.8 
 1.74399  0.54625  1.8 
 1.74392  0.54375  1.8 
 1.74385  0.54125  1.8 
 1.74378  0.53875  1.8 
 1.74375  0.537636  1.8 
 1.74373  0.53625  1.8 
 1.7437  0.53375  1.8 
 1.74367  0.53125  1.8 
 1.74364  0.52875  1.8 
 1.74362  0.52625  1.8 
 1.74359  0.52375  1.8 
 1.74357  0.52125  1.8 
 1.74355  0.51875  1.8 
 1.74354  0.51625  1.8 
 1.74352  0.51375  1.8 
 1.74351  0.51125  1.8 
 1.7435  0.50875  1.8 
 1.7435  0.50625  1.8 
 1.74349  0.50375  1.8 
 1.74349  0.50125  1.8 

# Contour 42, label: 
 1.84885  0.84875  1.8 
 1.84875  0.848616  1.8 
 1.84719  0.84625  1.8 
 1.84625  0.844929  1.8 
 1.84545  0.84375  1.8 
 1.84375  0.841285  1.8 
 1.84373  0.84125  1.8 
 1.8421  0.83875  1.8 
 1.84125  0.837538  1.8 
 1.8404  0.83625  1.8 
 1.83875  0.833839  1.8 
 1.83869  0.83375  1.8 
 1.8371  0.83125  1.8 
 1.83625  0.830019  1.8 
 1.83543  0.82875  1.8 
 1.83376  0.82625  1.8 
 1.83375  0.826229  1.8 
 1.83222  0.82375  1.8 
 1.83125  0.82231  1.8 
 1.83058  0.82125  1.8 
 1.829  0.81875  1.8 
 1.82875  0.818378  1.8 
 1.82746  0.81625  1.8 
 1.82625  0.814388  1.8 
 1.82585  0.81375  1.8 
 1.82435  0.81125  1.8 
 1.82375  0.810339  1.8 
 1.82278  0.80875  1.8 
 1.82125  0.806305  1.8 
 1.82122  0.80625  1.8 
 1.81972  0.80375  1.8 
 1.81875  0.802248  1.8 
 1.81813  0.80125  1.8 
 1.81663  0.79875  1.8 
 1.81625  0.79818  1.8 
 1.81506  0.79625  1.8 
 1.81375  0.794158  1.8 
 1.81349  0.79375  1.8 
 1.81198  0.79125  1.8 
 1.81125  0.790127  1.8 
 1.81037  0.78875  1.8 
 1.80887  0.78625  1.8 
 1.80875  0.78607  1.8 
 1.8073  0.78375  1.8 
 1.80625  0.78208  1.8 
 1.80571  0.78125  1.8 
 1.80423  0.77875  1.8 
 1.80375  0.778019  1.8 
 1.80262  0.77625  1.8 
 1.80125  0.773965  1.8 
 1.80111  0.77375  1.8 
 1.79958  0.77125  1.8 
 1.79875  0.769917  1.8 
 1.798  0.76875  1.8 
 1.79655  0.76625  1.8 
 1.79625  0.765781  1.8 
 1.79498  0.76375  1.8 
 1.79375  0.76167  1.8 
 1.79348  0.76125  1.8 
 1.79201  0.75875  1.8 
 1.79125  0.757515  1.8 
 1.79045  0.75625  1.8 
 1.78904  0.75375  1.8 
 1.78875  0.753286  1.8 
 1.7875  0.75125  1.8 
 1.78625  0.749072  1.8 
 1.78604  0.74875  1.8 
 1.7846  0.74625  1.8 
 1.78375  0.744818  1.8 
 1.78308  0.74375  1.8 
 1.78171  0.74125  1.8 
 1.78125  0.740483  1.8 
 1.7802  0.73875  1.8 
 1.77884  0.73625  1.8 
 1.77875  0.736109  1.8 
 1.77737  0.73375  1.8 
 1.77625  0.731737  1.8 
 1.77595  0.73125  1.8 
 1.77458  0.72875  1.8 
 1.77375  0.72729  1.8 
 1.77312  0.72625  1.8 
 1.77181  0.72375  1.8 
 1.77125  0.722773  1.8 
 1.77036  0.72125  1.8 
 1.76906  0.71875  1.8 
 1.76875  0.718209  1.8 
 1.76763  0.71625  1.8 
 1.76633  0.71375  1.8 
 1.76625  0.713613  1.8 
 1.76493  0.71125  1.8 
 1.76375  0.709021  1.8 
 1.76359  0.70875  1.8 
 1.76224  0.70625  1.8 
 1.76125  0.704434  1.8 
 1.76084  0.70375  1.8 
 1.75952  0.70125  1.8 
 1.75875  0.699903  1.8 
 1.75806  0.69875  1.8 
 1.7567  0.69625  1.8 

# Contour 43, label: 
 1.946  0.99875  1.8 
 1.94574  0.99625  1.8 
 1.94525  0.99375  1.8 
 1.94455  0.99125  1.8 
 1.94375  0.988928  1.8 
 1.94369  0.98875  1.8 
 1.94257  0.98625  1.8 
 1.9414  0.98375  1.8 
 1.94125  0.983465  1.8 
 1.94005  0.98125  1.8 
 1.93875  0.978843  1.8 
 1.9387  0.97875  1.8 
 1.93716  0.97625  1.8 
 1.93625  0.974762  1.8 
 1.93562  0.97375  1.8 
 1.93403  0.97125  1.8 
 1.93375  0.970838  1.8 
 1.93233  0.96875  1.8 
 1.93125  0.967136  1.8 
 1.93065  0.96625  1.8 
 1.92895  0.96375  1.8 
 1.92875  0.963473  1.8 
 1.92715  0.96125  1.8 
 1.92625  0.959981  1.8 
 1.92538  0.95875  1.8 
 1.92375  0.956403  1.8 
 1.92364  0.95625  1.8 
 1.9218  0.95375  1.8 
 1.92125  0.953003  1.8 
 1.91996  0.95125  1.8 
 1.91875  0.949561  1.8 
 1.91816  0.94875  1.8 
 1.91638  0.94625  1.8 
 1.91625  0.946079  1.8 
 1.91449  0.94375  1.8 
 1.91375  0.942725  1.8 
 1.91266  0.94125  1.8 
 1.91125  0.939261  1.8 
 1.91088  0.93875  1.8 
 1.90907  0.93625  1.8 
 1.90875  0.935814  1.8 
 1.90722  0.93375  1.8 
 1.90625  0.932378  1.8 
 1.90543  0.93125  1.8 
 1.90375  0.928769  1.8 
 1.90374  0.92875  1.8 
 1.90191  0.92625  1.8 
 1.90125  0.925314  1.8 
 1.90013  0.92375  1.8 
 1.89875  0.921699  1.8 
 1.89844  0.92125  1.8 
 1.89671  0.91875  1.8 
 1.89625  0.918089  1.8 
 1.89495  0.91625  1.8 
 1.89375  0.91446  1.8 
 1.89326  0.91375  1.8 
 1.89161  0.91125  1.8 
 1.89125  0.910734  1.8 
 1.88989  0.90875  1.8 
 1.88875  0.907017  1.8 
 1.88823  0.90625  1.8 
 1.88662  0.90375  1.8 
 1.88625  0.903218  1.8 
 1.88492  0.90125  1.8 
 1.88375  0.899482  1.8 
 1.88325  0.89875  1.8 
 1.88163  0.89625  1.8 
 1.88125  0.895707  1.8 
 1.87993  0.89375  1.8 
 1.87875  0.892025  1.8 
 1.87821  0.89125  1.8 
 1.87656  0.88875  1.8 
 1.87625  0.888318  1.8 
 1.87484  0.88625  1.8 
 1.87375  0.884697  1.8 
 1.87309  0.88375  1.8 
 1.87138  0.88125  1.8 
 1.87125  0.88107  1.8 
 1.86967  0.87875  1.8 
 1.86875  0.877467  1.8 
 1.8679  0.87625  1.8 
 1.86625  0.873901  1.8 
 1.86614  0.87375  1.8 
 1.86445  0.87125  1.8 
 1.86375  0.87028  1.8 
 1.8627  0.86875  1.8 
 1.86125  0.866718  1.8 
 1.86092  0.86625  1.8 
 1.85923  0.86375  1.8 
 1.85875  0.86309  1.8 
 1.8575  0.86125  1.8 
 1.85625  0.859499  1.8 
 1.85573  0.85875  1.8 
 1.85402  0.85625  1.8 
 1.85375  0.855873  1.8 
 1.85233  0.85375  1.8 
 1.85125  0.852239  1.8 
 1.85057  0.85125  1.8 
 1.84885  0.84875  1.8 


# Contour 44, label:      1.7
 2.27416  0.50125  1.7 
 2.27433  0.50375  1.7 
 2.27465  0.50625  1.7 
 2.27514  0.50875  1.7 
 2.27582  0.51125  1.7 
 2.27625  0.512516  1.7 
 2.27667  0.51375  1.7 
 2.27768  0.51625  1.7 
 2.27875  0.518494  1.7 
 2.27887  0.51875  1.7 
 2.2803  0.52125  1.7 
 2.28125  0.522707  1.7 
 2.28197  0.52375  1.7 
 2.28375  0.526013  1.7 
 2.28396  0.52625  1.7 
 2.28625  0.528557  1.7 
 2.28646  0.52875  1.7 
 2.28875  0.530667  1.7 
 2.28951  0.53125  1.7 
 2.29125  0.532565  1.7 
 2.2929  0.53375  1.7 
 2.29375  0.534368  1.7 
 2.29625  0.536113  1.7 
 2.29646  0.53625  1.7 
 2.29875  0.537802  1.7 
 2.30027  0.53875  1.7 
 2.30125  0.539362  1.7 
 2.30375  0.54076  1.7 
 2.30475  0.54125  1.7 
 2.30625  0.541964  1.7 
 2.30875  0.542971  1.7 
 2.31109  0.54375  1.7 
 2.31125  0.543801  1.7 
 2.31375  0.544448  1.7 
 2.31625  0.54496  1.7 
 2.31875  0.545363  1.7 
 2.32125  0.545689  1.7 
 2.32375  0.545968  1.7 
 2.32625  0.54623  1.7 
 2.32645  0.54625  1.7 
 2.32875  0.546481  1.7 
 2.33125  0.546764  1.7 
 2.33375  0.547117  1.7 
 2.33625  0.547568  1.7 
 2.33875  0.548116  1.7 
 2.34125  0.548698  1.7 
 2.34153  0.54875  1.7 
 2.34375  0.549147  1.7 
 2.34625  0.549461  1.7 
 2.34875  0.549603  1.7 
 2.35125  0.549485  1.7 
 2.35375  0.548851  1.7 
 2.35393  0.54875  1.7 
 2.35585  0.54625  1.7 
 2.3562  0.54375  1.7 
 2.35597  0.54125  1.7 
 2.35527  0.53875  1.7 
 2.35425  0.53625  1.7 
 2.35375  0.535289  1.7 
 2.35296  0.53375  1.7 
 2.35159  0.53125  1.7 
 2.35125  0.530651  1.7 
 2.35023  0.52875  1.7 
 2.34907  0.52625  1.7 
 2.34875  0.525456  1.7 
 2.34813  0.52375  1.7 
 2.34743  0.52125  1.7 
 2.34694  0.51875  1.7 
 2.34661  0.51625  1.7 
 2.3464  0.51375  1.7 
 2.34629  0.51125  1.7 
 2.34625  0.509167  1.7 
 2.34624  0.50875  1.7 
 2.34625  0.507917  1.7 
 2.34626  0.50625  1.7 
 2.34636  0.50375  1.7 
 2.34657  0.50125  1.7 

# Contour 45, label: 
 1.74744  0.63875  1.7 
 1.74729  0.63625  1.7 
 1.74712  0.63375  1.7 
 1.74695  0.63125  1.7 
 1.74678  0.62875  1.7 
 1.74659  0.62625  1.7 
 1.7464  0.62375  1.7 
 1.74625  0.621789  1.7 
 1.74622  0.62125  1.7 
 1.7461  0.61875  1.7 
 1.74598  0.61625  1.7 
 1.74587  0.61375  1.7 
 1.74576  0.61125  1.7 
 1.74565  0.60875  1.7 
 1.74554  0.60625  1.7 
 1.74544  0.60375  1.7 
 1.74534  0.60125  1.7 
 1.74523  0.59875  1.7 
 1.74513  0.59625  1.7 
 1.74502  0.59375  1.7 
 1.74492  0.59125  1.7 
 1.74481  0.58875  1.7 
 1.7447  0.58625  1.7 
 1.74459  0.58375  1.7 
 1.74448  0.58125  1.7 
 1.74437  0.57875  1.7 
 1.74426  0.57625  1.7 
 1.74415  0.57375  1.7 
 1.74404  0.57125  1.7 
 1.74393  0.56875  1.7 
 1.74382  0.56625  1.7 
 1.74375  0.564533  1.7 
 1.74373  0.56375  1.7 
 1.74366  0.56125  1.7 
 1.7436  0.55875  1.7 
 1.74354  0.55625  1.7 
 1.74348  0.55375  1.7 
 1.74343  0.55125  1.7 
 1.74338  0.54875  1.7 
 1.74333  0.54625  1.7 
 1.74329  0.54375  1.7 
 1.74324  0.54125  1.7 
 1.7432  0.53875  1.7 
 1.74317  0.53625  1.7 
 1.74313  0.53375  1.7 
 1.7431  0.53125  1.7 
 1.74307  0.52875  1.7 
 1.74304  0.52625  1.7 
 1.74302  0.52375  1.7 
 1.743  0.52125  1.7 
 1.74298  0.51875  1.7 
 1.74296  0.51625  1.7 
 1.74294  0.51375  1.7 
 1.74293  0.51125  1.7 
 1.74292  0.50875  1.7 
 1.74291  0.50625  1.7 
 1.74291  0.50375  1.7 
 1.74291  0.50125  1.7 

# Contour 46, label: 
 1.81984  0.81125  1.7 
 1.81875  0.809157  1.7 
 1.81849  0.80875  1.7 
 1.81695  0.80625  1.7 
 1.81625  0.804902  1.7 
 1.81552  0.80375  1.7 
 1.81411  0.80125  1.7 
 1.81375  0.800561  1.7 
 1.81259  0.79875  1.7 
 1.8113  0.79625  1.7 
 1.81125  0.796157  1.7 
 1.8097  0.79375  1.7 
 1.80875  0.791918  1.7 
 1.80832  0.79125  1.7 
 1.80682  0.78875  1.7 
 1.80625  0.787656  1.7 
 1.80534  0.78625  1.7 
 1.80397  0.78375  1.7 
 1.80375  0.783326  1.7 
 1.80239  0.78125  1.7 
 1.80125  0.779029  1.7 
 1.80107  0.77875  1.7 
 1.79948  0.77625  1.7 
 1.79875  0.774844  1.7 
 1.79804  0.77375  1.7 
 1.79661  0.77125  1.7 
 1.79625  0.770554  1.7 
 1.79507  0.76875  1.7 
 1.79379  0.76625  1.7 
 1.79375  0.76618  1.7 
 1.79215  0.76375  1.7 
 1.79125  0.761975  1.7 
 1.79078  0.76125  1.7 
 1.78929  0.75875  1.7 
 1.78875  0.757691  1.7 
 1.78781  0.75625  1.7 
 1.78647  0.75375  1.7 
 1.78625  0.75332  1.7 
 1.7849  0.75125  1.7 
 1.78375  0.748919  1.7 
 1.78364  0.74875  1.7 
 1.78205  0.74625  1.7 
 1.78125  0.744616  1.7 
 1.78069  0.74375  1.7 
 1.77925  0.74125  1.7 
 1.77875  0.740217  1.7 
 1.77781  0.73875  1.7 
 1.77651  0.73625  1.7 
 1.77625  0.735727  1.7 
 1.77499  0.73375  1.7 
 1.7738  0.73125  1.7 
 1.77375  0.731154  1.7 
 1.77222  0.72875  1.7 
 1.77125  0.726643  1.7 
 1.771  0.72625  1.7 
 1.76951  0.72375  1.7 
 1.76875  0.722097  1.7 
 1.76822  0.72125  1.7 
 1.76683  0.71875  1.7 
 1.76625  0.717482  1.7 
 1.76548  0.71625  1.7 
 1.76419  0.71375  1.7 
 1.76375  0.712809  1.7 
 1.76278  0.71125  1.7 
 1.76155  0.70875  1.7 
 1.76125  0.708111  1.7 
 1.76009  0.70625  1.7 
 1.7589  0.70375  1.7 
 1.75875  0.703445  1.7 
 1.75736  0.70125  1.7 
 1.75625  0.698912  1.7 
 1.75615  0.69875  1.7 
 1.75465  0.69625  1.7 
 1.75375  0.694458  1.7 
 1.75341  0.69375  1.7 
 1.75231  0.69125  1.7 
 1.75145  0.68875  1.7 
 1.75125  0.688086  1.7 
 1.7509  0.68625  1.7 
 1.75059  0.68375  1.7 
 1.75036  0.68125  1.7 
 1.75017  0.67875  1.7 
 1.74998  0.67625  1.7 
 1.74979  0.67375  1.7 
 1.7496  0.67125  1.7 
 1.7494  0.66875  1.7 
 1.74919  0.66625  1.7 
 1.74897  0.66375  1.7 
 1.74875  0.661419  1.7 
 1.74874  0.66125  1.7 
 1.74859  0.65875  1.7 
 1.74844  0.65625  1.7 
 1.7483  0.65375  1.7 
 1.74816  0.65125  1.7 
 1.74803  0.64875  1.7 
 1.74789  0.64625  1.7 
 1.74774  0.64375  1.7 
 1.7476  0.64125  1.7 
 1.74744  0.63875  1.7 

# Contour 47, label: 
 1.87671  0.99875  1.7 
 1.87672  0.99625  1.7 
 1.87673  0.99375  1.7 
 1.87674  0.99125  1.7 
 1.87676  0.98875  1.7 
 1.87678  0.98625  1.7 
 1.8768  0.98375  1.7 
 1.87683  0.98125  1.7 
 1.87687  0.97875  1.7 
 1.8769  0.97625  1.7 
 1.87694  0.97375  1.7 
 1.87698  0.97125  1.7 
 1.87702  0.96875  1.7 
 1.87707  0.96625  1.7 
 1.87711  0.96375  1.7 
 1.87715  0.96125  1.7 
 1.8772  0.95875  1.7 
 1.87724  0.95625  1.7 
 1.87729  0.95375  1.7 
 1.87734  0.95125  1.7 
 1.87739  0.94875  1.7 
 1.87745  0.94625  1.7 
 1.8775  0.94375  1.7 
 1.87757  0.94125  1.7 
 1.87763  0.93875  1.7 
 1.87769  0.93625  1.7 
 1.87774  0.93375  1.7 
 1.87777  0.93125  1.7 
 1.87779  0.92875  1.7 
 1.87777  0.92625  1.7 
 1.87772  0.92375  1.7 
 1.87763  0.92125  1.7 
 1.87747  0.91875  1.7 
 1.87723  0.91625  1.7 
 1.87692  0.91375  1.7 
 1.87651  0.91125  1.7 
 1.87625  0.910035  1.7 
 1.87595  0.90875  1.7 
 1.87522  0.90625  1.7 
 1.87441  0.90375  1.7 
 1.87375  0.90181  1.7 
 1.87354  0.90125  1.7 
 1.87244  0.89875  1.7 
 1.8714  0.89625  1.7 
 1.87125  0.895924  1.7 
 1.87012  0.89375  1.7 
 1.86893  0.89125  1.7 
 1.86875  0.890896  1.7 
 1.86752  0.88875  1.7 
 1.86627  0.88625  1.7 
 1.86625  0.886222  1.7 
 1.86472  0.88375  1.7 
 1.86375  0.881932  1.7 
 1.86334  0.88125  1.7 
 1.86182  0.87875  1.7 
 1.86125  0.877743  1.7 
 1.86029  0.87625  1.7 
 1.85887  0.87375  1.7 
 1.85875  0.873551  1.7 
 1.85721  0.87125  1.7 
 1.85625  0.869576  1.7 
 1.85571  0.86875  1.7 
 1.85414  0.86625  1.7 
 1.85375  0.865585  1.7 
 1.8525  0.86375  1.7 
 1.85125  0.861582  1.7 
 1.85103  0.86125  1.7 
 1.84936  0.85875  1.7 
 1.84875  0.857722  1.7 
 1.84774  0.85625  1.7 
 1.84628  0.85375  1.7 
 1.84625  0.8537  1.7 
 1.84455  0.85125  1.7 
 1.84375  0.849895  1.7 
 1.84297  0.84875  1.7 
 1.84145  0.84625  1.7 
 1.84125  0.845918  1.7 
 1.83975  0.84375  1.7 
 1.83875  0.842023  1.7 
 1.83823  0.84125  1.7 
 1.83665  0.83875  1.7 
 1.83625  0.838071  1.7 
 1.835  0.83625  1.7 
 1.83375  0.834035  1.7 
 1.83356  0.83375  1.7 
 1.83191  0.83125  1.7 
 1.83125  0.83009  1.7 
 1.83035  0.82875  1.7 
 1.82891  0.82625  1.7 
 1.82875  0.825958  1.7 
 1.82727  0.82375  1.7 
 1.82625  0.821868  1.7 
 1.82585  0.82125  1.7 
 1.82431  0.81875  1.7 
 1.82375  0.817722  1.7 
 1.82279  0.81625  1.7 
 1.82142  0.81375  1.7 
 1.82125  0.813432  1.7 
 1.81984  0.81125  1.7 


# Contour 48, label:      1.6
 1.74293  0.55375  1.6 
 1.74287  0.55125  1.6 
 1.74282  0.54875  1.6 
 1.74277  0.54625  1.6 
 1.74273  0.54375  1.6 
 1.74268  0.54125  1.6 
 1.74264  0.53875  1.6 
 1.7426  0.53625  1.6 
 1.74257  0.53375  1.6 
 1.74253  0.53125  1.6 
 1.7425  0.52875  1.6 
 1.74247  0.52625  1.6 
 1.74244  0.52375  1.6 
 1.74242  0.52125  1.6 
 1.7424  0.51875  1.6 
 1.74238  0.51625  1.6 
 1.74236  0.51375  1.6 
 1.74235  0.51125  1.6 
 1.74234  0.50875  1.6 
 1.74233  0.50625  1.6 
 1.74232  0.50375  1.6 
 1.74232  0.50125  1.6 

# Contour 49, label: 
 1.77765  0.76375  1.6 
 1.7774  0.76125  1.6 
 1.77703  0.75875  1.6 
 1.77657  0.75625  1.6 
 1.77625  0.754726  1.6 
 1.776  0.75375  1.6 
 1.77519  0.75125  1.6 
 1.7744  0.74875  1.6 
 1.77375  0.746549  1.6 
 1.77364  0.74625  1.6 
 1.77255  0.74375  1.6 
 1.77162  0.74125  1.6 
 1.77125  0.740198  1.6 
 1.77057  0.73875  1.6 
 1.76945  0.73625  1.6 
 1.76875  0.734301  1.6 
 1.76848  0.73375  1.6 
 1.76721  0.73125  1.6 
 1.76628  0.72875  1.6 
 1.76625  0.728675  1.6 
 1.76491  0.72625  1.6 
 1.76391  0.72375  1.6 
 1.76375  0.723352  1.6 
 1.76257  0.72125  1.6 
 1.76151  0.71875  1.6 
 1.76125  0.71808  1.6 
 1.76022  0.71625  1.6 
 1.75911  0.71375  1.6 
 1.75875  0.712839  1.6 
 1.75788  0.71125  1.6 
 1.75673  0.70875  1.6 
 1.75625  0.707516  1.6 
 1.75565  0.70625  1.6 
 1.75455  0.70375  1.6 
 1.75375  0.701336  1.6 
 1.75372  0.70125  1.6 
 1.75283  0.69875  1.6 
 1.75208  0.69625  1.6 
 1.75142  0.69375  1.6 
 1.75125  0.693256  1.6 
 1.75074  0.69125  1.6 
 1.75024  0.68875  1.6 
 1.74994  0.68625  1.6 
 1.74975  0.68375  1.6 
 1.74959  0.68125  1.6 
 1.74942  0.67875  1.6 
 1.74925  0.67625  1.6 
 1.74905  0.67375  1.6 
 1.74885  0.67125  1.6 
 1.74875  0.670152  1.6 
 1.74865  0.66875  1.6 
 1.74849  0.66625  1.6 
 1.74833  0.66375  1.6 
 1.74817  0.66125  1.6 
 1.74803  0.65875  1.6 
 1.74788  0.65625  1.6 
 1.74774  0.65375  1.6 
 1.74759  0.65125  1.6 
 1.74744  0.64875  1.6 
 1.74729  0.64625  1.6 
 1.74713  0.64375  1.6 
 1.74697  0.64125  1.6 
 1.74679  0.63875  1.6 
 1.74661  0.63625  1.6 
 1.74642  0.63375  1.6 
 1.74625  0.631598  1.6 
 1.74623  0.63125  1.6 
 1.74607  0.62875  1.6 
 1.74593  0.62625  1.6 
 1.74579  0.62375  1.6 
 1.74567  0.62125  1.6 
 1.74554  0.61875  1.6 
 1.74543  0.61625  1.6 
 1.74531  0.61375  1.6 
 1.7452  0.61125  1.6 
 1.74508  0.60875  1.6 
 1.74497  0.60625  1.6 
 1.74486  0.60375  1.6 
 1.74474  0.60125  1.6 
 1.74463  0.59875  1.6 
 1.74451  0.59625  1.6 
 1.74439  0.59375  1.6 
 1.74427  0.59125  1.6 
 1.74414  0.58875  1.6 
 1.74402  0.58625  1.6 
 1.74389  0.58375  1.6 
 1.74376  0.58125  1.6 
 1.74375  0.581012  1.6 
 1.74366  0.57875  1.6 
 1.74356  0.57625  1.6 
 1.74348  0.57375  1.6 
 1.74339  0.57125  1.6 
 1.74332  0.56875  1.6 
 1.74324  0.56625  1.6 
 1.74317  0.56375  1.6 
 1.74311  0.56125  1.6 
 1.74304  0.55875  1.6 
 1.74299  0.55625  1.6 
 1.74293  0.55375  1.6 

# Contour 50, label: 
 1.76637  0.99875  1.6 
 1.76638  0.99625  1.6 
 1.76638  0.99375  1.6 
 1.76639  0.99125  1.6 
 1.7664  0.98875  1.6 
 1.76642  0.98625  1.6 
 1.76643  0.98375  1.6 
 1.76645  0.98125  1.6 
 1.76648  0.97875  1.6 
 1.76651  0.97625  1.6 
 1.76654  0.97375  1.6 
 1.76658  0.97125  1.6 
 1.76662  0.96875  1.6 
 1.76667  0.96625  1.6 
 1.76671  0.96375  1.6 
 1.76676  0.96125  1.6 
 1.76682  0.95875  1.6 
 1.76687  0.95625  1.6 
 1.76693  0.95375  1.6 
 1.76699  0.95125  1.6 
 1.76706  0.94875  1.6 
 1.76713  0.94625  1.6 
 1.7672  0.94375  1.6 
 1.76728  0.94125  1.6 
 1.76736  0.93875  1.6 
 1.76744  0.93625  1.6 
 1.76753  0.93375  1.6 
 1.76762  0.93125  1.6 
 1.76771  0.92875  1.6 
 1.7678  0.92625  1.6 
 1.7679  0.92375  1.6 
 1.76801  0.92125  1.6 
 1.76811  0.91875  1.6 
 1.76822  0.91625  1.6 
 1.76834  0.91375  1.6 
 1.76845  0.91125  1.6 
 1.76856  0.90875  1.6 
 1.76869  0.90625  1.6 
 1.76875  0.904886  1.6 
 1.7688  0.90375  1.6 
 1.76894  0.90125  1.6 
 1.76906  0.89875  1.6 
 1.7692  0.89625  1.6 
 1.76933  0.89375  1.6 
 1.76947  0.89125  1.6 
 1.7696  0.88875  1.6 
 1.76975  0.88625  1.6 
 1.76989  0.88375  1.6 
 1.77004  0.88125  1.6 
 1.77019  0.87875  1.6 
 1.77034  0.87625  1.6 
 1.77049  0.87375  1.6 
 1.77065  0.87125  1.6 
 1.77081  0.86875  1.6 
 1.77097  0.86625  1.6 
 1.77113  0.86375  1.6 
 1.77125  0.861917  1.6 
 1.77129  0.86125  1.6 
 1.77147  0.85875  1.6 
 1.77163  0.85625  1.6 
 1.7718  0.85375  1.6 
 1.77198  0.85125  1.6 
 1.77215  0.84875  1.6 
 1.77232  0.84625  1.6 
 1.77251  0.84375  1.6 
 1.77268  0.84125  1.6 
 1.77286  0.83875  1.6 
 1.77305  0.83625  1.6 
 1.77325  0.83375  1.6 
 1.77344  0.83125  1.6 
 1.77364  0.82875  1.6 
 1.77375  0.827361  1.6 
 1.77383  0.82625  1.6 
 1.77401  0.82375  1.6 
 1.77418  0.82125  1.6 
 1.77436  0.81875  1.6 
 1.77455  0.81625  1.6 
 1.77474  0.81375  1.6 
 1.77494  0.81125  1.6 
 1.77513  0.80875  1.6 
 1.77532  0.80625  1.6 
 1.77551  0.80375  1.6 
 1.77571  0.80125  1.6 
 1.77591  0.79875  1.6 
 1.7761  0.79625  1.6 
 1.77625  0.794306  1.6 
 1.77629  0.79375  1.6 
 1.77648  0.79125  1.6 
 1.77667  0.78875  1.6 
 1.77685  0.78625  1.6 
 1.77703  0.78375  1.6 
 1.7772  0.78125  1.6 
 1.77737  0.77875  1.6 
 1.77753  0.77625  1.6 
 1.77767  0.77375  1.6 
 1.77777  0.77125  1.6 
 1.77781  0.76875  1.6 
 1.77778  0.76625  1.6 
 1.77765  0.76375  1.6 


# Contour 51, label:      1.5
 1.74238  0.55375  1.5 
 1.74232  0.55125  1.5 
 1.74227  0.54875  1.5 
 1.74222  0.54625  1.5 
 1.74217  0.54375  1.5 
 1.74212  0.54125  1.5 
 1.74208  0.53875  1.5 
 1.74204  0.53625  1.5 
 1.742  0.53375  1.5 
 1.74196  0.53125  1.5 
 1.74193  0.52875  1.5 
 1.7419  0.52625  1.5 
 1.74187  0.52375  1.5 
 1.74184  0.52125  1.5 
 1.74182  0.51875  1.5 
 1.7418  0.51625  1.5 
 1.74178  0.51375  1.5 
 1.74177  0.51125  1.5 
 1.74176  0.50875  1.5 
 1.74175  0.50625  1.5 
 1.74174  0.50375  1.5 
 1.74174  0.50125  1.5 

# Contour 52, label: 
 1.73279  0.77375  1.5 
 1.73318  0.77125  1.5 
 1.73353  0.76875  1.5 
 1.73375  0.766988  1.5 
 1.73393  0.76625  1.5 
 1.73453  0.76375  1.5 
 1.73505  0.76125  1.5 
 1.7355  0.75875  1.5 
 1.73588  0.75625  1.5 
 1.73622  0.75375  1.5 
 1.73625  0.753533  1.5 
 1.73685  0.75125  1.5 
 1.73742  0.74875  1.5 
 1.73791  0.74625  1.5 
 1.73832  0.74375  1.5 
 1.73869  0.74125  1.5 
 1.73875  0.740812  1.5 
 1.73932  0.73875  1.5 
 1.73992  0.73625  1.5 
 1.74043  0.73375  1.5 
 1.74086  0.73125  1.5 
 1.74123  0.72875  1.5 
 1.74125  0.728639  1.5 
 1.74194  0.72625  1.5 
 1.74255  0.72375  1.5 
 1.74306  0.72125  1.5 
 1.74349  0.71875  1.5 
 1.74375  0.71716  1.5 
 1.74403  0.71625  1.5 
 1.74476  0.71375  1.5 
 1.74538  0.71125  1.5 
 1.7459  0.70875  1.5 
 1.74625  0.706928  1.5 
 1.74649  0.70625  1.5 
 1.74736  0.70375  1.5 
 1.74806  0.70125  1.5 
 1.7486  0.69875  1.5 
 1.74875  0.69791  1.5 
 1.74907  0.69625  1.5 
 1.74929  0.69375  1.5 
 1.74924  0.69125  1.5 
 1.74907  0.68875  1.5 
 1.74899  0.68625  1.5 
 1.74892  0.68375  1.5 
 1.74882  0.68125  1.5 
 1.74875  0.680017  1.5 
 1.74869  0.67875  1.5 
 1.74853  0.67625  1.5 
 1.74837  0.67375  1.5 
 1.74821  0.67125  1.5 
 1.74806  0.66875  1.5 
 1.7479  0.66625  1.5 
 1.74776  0.66375  1.5 
 1.74761  0.66125  1.5 
 1.74746  0.65875  1.5 
 1.74732  0.65625  1.5 
 1.74717  0.65375  1.5 
 1.74702  0.65125  1.5 
 1.74686  0.64875  1.5 
 1.74669  0.64625  1.5 
 1.74652  0.64375  1.5 
 1.74633  0.64125  1.5 
 1.74625  0.640153  1.5 
 1.74614  0.63875  1.5 
 1.74596  0.63625  1.5 
 1.74579  0.63375  1.5 
 1.74564  0.63125  1.5 
 1.74549  0.62875  1.5 
 1.74536  0.62625  1.5 
 1.74523  0.62375  1.5 
 1.74511  0.62125  1.5 
 1.74499  0.61875  1.5 
 1.74487  0.61625  1.5 
 1.74475  0.61375  1.5 
 1.74464  0.61125  1.5 
 1.74452  0.60875  1.5 
 1.7444  0.60625  1.5 
 1.74428  0.60375  1.5 
 1.74415  0.60125  1.5 
 1.74402  0.59875  1.5 
 1.74389  0.59625  1.5 
 1.74375  0.59375  1.5 
 1.74375  0.593667  1.5 
 1.74362  0.59125  1.5 
 1.74349  0.58875  1.5 
 1.74337  0.58625  1.5 
 1.74327  0.58375  1.5 
 1.74317  0.58125  1.5 
 1.74308  0.57875  1.5 
 1.74299  0.57625  1.5 
 1.74291  0.57375  1.5 
 1.74283  0.57125  1.5 
 1.74276  0.56875  1.5 
 1.74268  0.56625  1.5 
 1.74262  0.56375  1.5 
 1.74255  0.56125  1.5 
 1.74249  0.55875  1.5 
 1.74243  0.55625  1.5 
 1.74238  0.55375  1.5 

# Contour 53, label: 
 1.71288  0.99875  1.5 
 1.71288  0.99625  1.5 
 1.71289  0.99375  1.5 
 1.71291  0.99125  1.5 
 1.71292  0.98875  1.5 
 1.71295  0.98625  1.5 
 1.71297  0.98375  1.5 
 1.713  0.98125  1.5 
 1.71304  0.97875  1.5 
 1.71308  0.97625  1.5 
 1.71312  0.97375  1.5 
 1.71316  0.97125  1.5 
 1.71321  0.96875  1.5 
 1.71326  0.96625  1.5 
 1.71332  0.96375  1.5 
 1.71337  0.96125  1.5 
 1.71343  0.95875  1.5 
 1.71349  0.95625  1.5 
 1.71356  0.95375  1.5 
 1.71362  0.95125  1.5 
 1.71369  0.94875  1.5 
 1.71375  0.946499  1.5 
 1.71376  0.94625  1.5 
 1.71392  0.94375  1.5 
 1.71408  0.94125  1.5 
 1.71423  0.93875  1.5 
 1.71439  0.93625  1.5 
 1.71455  0.93375  1.5 
 1.7147  0.93125  1.5 
 1.71485  0.92875  1.5 
 1.71501  0.92625  1.5 
 1.71516  0.92375  1.5 
 1.7153  0.92125  1.5 
 1.71545  0.91875  1.5 
 1.71559  0.91625  1.5 
 1.71573  0.91375  1.5 
 1.71586  0.91125  1.5 
 1.71599  0.90875  1.5 
 1.71612  0.90625  1.5 
 1.71624  0.90375  1.5 
 1.71625  0.903649  1.5 
 1.71651  0.90125  1.5 
 1.71677  0.89875  1.5 
 1.71702  0.89625  1.5 
 1.71726  0.89375  1.5 
 1.71749  0.89125  1.5 
 1.71771  0.88875  1.5 
 1.71792  0.88625  1.5 
 1.71811  0.88375  1.5 
 1.7183  0.88125  1.5 
 1.71848  0.87875  1.5 
 1.71865  0.87625  1.5 
 1.71875  0.874693  1.5 
 1.71888  0.87375  1.5 
 1.71922  0.87125  1.5 
 1.71954  0.86875  1.5 
 1.71984  0.86625  1.5 
 1.72012  0.86375  1.5 
 1.72038  0.86125  1.5 
 1.72062  0.85875  1.5 
 1.72084  0.85625  1.5 
 1.72105  0.85375  1.5 
 1.72125  0.85125  1.5 
 1.72125  0.851224  1.5 
 1.72166  0.84875  1.5 
 1.72203  0.84625  1.5 
 1.72238  0.84375  1.5 
 1.7227  0.84125  1.5 
 1.72299  0.83875  1.5 
 1.72326  0.83625  1.5 
 1.7235  0.83375  1.5 
 1.72373  0.83125  1.5 
 1.72375  0.831004  1.5 
 1.72417  0.82875  1.5 
 1.72459  0.82625  1.5 
 1.72497  0.82375  1.5 
 1.72532  0.82125  1.5 
 1.72563  0.81875  1.5 
 1.72591  0.81625  1.5 
 1.72617  0.81375  1.5 
 1.72625  0.812957  1.5 
 1.7266  0.81125  1.5 
 1.72707  0.80875  1.5 
 1.72749  0.80625  1.5 
 1.72786  0.80375  1.5 
 1.7282  0.80125  1.5 
 1.7285  0.79875  1.5 
 1.72875  0.796447  1.5 
 1.72879  0.79625  1.5 
 1.72934  0.79375  1.5 
 1.72982  0.79125  1.5 
 1.73025  0.78875  1.5 
 1.73062  0.78625  1.5 
 1.73095  0.78375  1.5 
 1.73124  0.78125  1.5 
 1.73125  0.781198  1.5 
 1.73183  0.77875  1.5 
 1.73234  0.77625  1.5 
 1.73279  0.77375  1.5 


# Contour 54, label:      1.4
 1.74171  0.54875  1.4 
 1.74166  0.54625  1.4 
 1.74161  0.54375  1.4 
 1.74157  0.54125  1.4 
 1.74152  0.53875  1.4 
 1.74148  0.53625  1.4 
 1.74144  0.53375  1.4 
 1.7414  0.53125  1.4 
 1.74136  0.52875  1.4 
 1.74133  0.52625  1.4 
 1.7413  0.52375  1.4 
 1.74127  0.52125  1.4 
 1.74125  0.519528  1.4 
 1.74124  0.51875  1.4 
 1.74121  0.51625  1.4 
 1.74118  0.51375  1.4 
 1.74116  0.51125  1.4 
 1.74114  0.50875  1.4 
 1.74113  0.50625  1.4 
 1.74112  0.50375  1.4 
 1.74112  0.50125  1.4 

# Contour 55, label: 
 1.73008  0.77375  1.4 
 1.7305  0.77125  1.4 
 1.73089  0.76875  1.4 
 1.73125  0.76625  1.4 
 1.73184  0.76375  1.4 
 1.73237  0.76125  1.4 
 1.73283  0.75875  1.4 
 1.73326  0.75625  1.4 
 1.73364  0.75375  1.4 
 1.73375  0.753082  1.4 
 1.73421  0.75125  1.4 
 1.73478  0.74875  1.4 
 1.73527  0.74625  1.4 
 1.73572  0.74375  1.4 
 1.73613  0.74125  1.4 
 1.73625  0.740552  1.4 
 1.73672  0.73875  1.4 
 1.73731  0.73625  1.4 
 1.73783  0.73375  1.4 
 1.7383  0.73125  1.4 
 1.73872  0.72875  1.4 
 1.73875  0.728567  1.4 
 1.73938  0.72625  1.4 
 1.73998  0.72375  1.4 
 1.7405  0.72125  1.4 
 1.74096  0.71875  1.4 
 1.74125  0.717145  1.4 
 1.74151  0.71625  1.4 
 1.74218  0.71375  1.4 
 1.74277  0.71125  1.4 
 1.74329  0.70875  1.4 
 1.74375  0.706392  1.4 
 1.7438  0.70625  1.4 
 1.74459  0.70375  1.4 
 1.74529  0.70125  1.4 
 1.74593  0.69875  1.4 
 1.74625  0.697479  1.4 
 1.74668  0.69625  1.4 
 1.7474  0.69375  1.4 
 1.74783  0.69125  1.4 
 1.748  0.68875  1.4 
 1.74808  0.68625  1.4 
 1.7481  0.68375  1.4 
 1.74806  0.68125  1.4 
 1.74797  0.67875  1.4 
 1.74786  0.67625  1.4 
 1.74773  0.67375  1.4 
 1.7476  0.67125  1.4 
 1.74746  0.66875  1.4 
 1.74732  0.66625  1.4 
 1.74718  0.66375  1.4 
 1.74704  0.66125  1.4 
 1.7469  0.65875  1.4 
 1.74676  0.65625  1.4 
 1.7466  0.65375  1.4 
 1.74644  0.65125  1.4 
 1.74628  0.64875  1.4 
 1.74625  0.648368  1.4 
 1.74605  0.64625  1.4 
 1.74584  0.64375  1.4 
 1.74565  0.64125  1.4 
 1.74548  0.63875  1.4 
 1.74532  0.63625  1.4 
 1.74518  0.63375  1.4 
 1.74505  0.63125  1.4 
 1.74492  0.62875  1.4 
 1.74479  0.62625  1.4 
 1.74467  0.62375  1.4 
 1.74455  0.62125  1.4 
 1.74444  0.61875  1.4 
 1.74432  0.61625  1.4 
 1.7442  0.61375  1.4 
 1.74408  0.61125  1.4 
 1.74395  0.60875  1.4 
 1.74382  0.60625  1.4 
 1.74375  0.604837  1.4 
 1.74367  0.60375  1.4 
 1.7435  0.60125  1.4 
 1.74335  0.59875  1.4 
 1.74321  0.59625  1.4 
 1.74308  0.59375  1.4 
 1.74296  0.59125  1.4 
 1.74286  0.58875  1.4 
 1.74276  0.58625  1.4 
 1.74266  0.58375  1.4 
 1.74257  0.58125  1.4 
 1.74249  0.57875  1.4 
 1.74241  0.57625  1.4 
 1.74234  0.57375  1.4 
 1.74226  0.57125  1.4 
 1.7422  0.56875  1.4 
 1.74213  0.56625  1.4 
 1.74206  0.56375  1.4 
 1.742  0.56125  1.4 
 1.74194  0.55875  1.4 
 1.74188  0.55625  1.4 
 1.74182  0.55375  1.4 
 1.74177  0.55125  1.4 
 1.74171  0.54875  1.4 

# Contour 56, label: 
 1.70989  0.99875  1.4 
 1.7099  0.99625  1.4 
 1.70991  0.99375  1.4 
 1.70992  0.99125  1.4 
 1.70995  0.98875  1.4 
 1.70997  0.98625  1.4 
 1.71  0.98375  1.4 
 1.71004  0.98125  1.4 
 1.71008  0.97875  1.4 
 1.71012  0.97625  1.4 
 1.71017  0.97375  1.4 
 1.71022  0.97125  1.4 
 1.71027  0.96875  1.4 
 1.71034  0.96625  1.4 
 1.7104  0.96375  1.4 
 1.71047  0.96125  1.4 
 1.71054  0.95875  1.4 
 1.71061  0.95625  1.4 
 1.71069  0.95375  1.4 
 1.71077  0.95125  1.4 
 1.71085  0.94875  1.4 
 1.71093  0.94625  1.4 
 1.71102  0.94375  1.4 
 1.71111  0.94125  1.4 
 1.7112  0.93875  1.4 
 1.71125  0.937451  1.4 
 1.71133  0.93625  1.4 
 1.7115  0.93375  1.4 
 1.71167  0.93125  1.4 
 1.71184  0.92875  1.4 
 1.712  0.92625  1.4 
 1.71217  0.92375  1.4 
 1.71233  0.92125  1.4 
 1.7125  0.91875  1.4 
 1.71266  0.91625  1.4 
 1.71282  0.91375  1.4 
 1.71298  0.91125  1.4 
 1.71313  0.90875  1.4 
 1.71329  0.90625  1.4 
 1.71344  0.90375  1.4 
 1.7136  0.90125  1.4 
 1.71375  0.89875  1.4 
 1.71375  0.898723  1.4 
 1.71402  0.89625  1.4 
 1.71427  0.89375  1.4 
 1.71452  0.89125  1.4 
 1.71477  0.88875  1.4 
 1.715  0.88625  1.4 
 1.71522  0.88375  1.4 
 1.71544  0.88125  1.4 
 1.71565  0.87875  1.4 
 1.71585  0.87625  1.4 
 1.71605  0.87375  1.4 
 1.71624  0.87125  1.4 
 1.71625  0.871177  1.4 
 1.71658  0.86875  1.4 
 1.7169  0.86625  1.4 
 1.7172  0.86375  1.4 
 1.71749  0.86125  1.4 
 1.71776  0.85875  1.4 
 1.71802  0.85625  1.4 
 1.71826  0.85375  1.4 
 1.7185  0.85125  1.4 
 1.71873  0.84875  1.4 
 1.71875  0.848569  1.4 
 1.71912  0.84625  1.4 
 1.71949  0.84375  1.4 
 1.71983  0.84125  1.4 
 1.72015  0.83875  1.4 
 1.72045  0.83625  1.4 
 1.72073  0.83375  1.4 
 1.72101  0.83125  1.4 
 1.72125  0.828915  1.4 
 1.72128  0.82875  1.4 
 1.72172  0.82625  1.4 
 1.72212  0.82375  1.4 
 1.7225  0.82125  1.4 
 1.72284  0.81875  1.4 
 1.72316  0.81625  1.4 
 1.72347  0.81375  1.4 
 1.72375  0.811288  1.4 
 1.72376  0.81125  1.4 
 1.72424  0.80875  1.4 
 1.72468  0.80625  1.4 
 1.72508  0.80375  1.4 
 1.72545  0.80125  1.4 
 1.7258  0.79875  1.4 
 1.72612  0.79625  1.4 
 1.72625  0.795212  1.4 
 1.72656  0.79375  1.4 
 1.72705  0.79125  1.4 
 1.72749  0.78875  1.4 
 1.7279  0.78625  1.4 
 1.72827  0.78375  1.4 
 1.72862  0.78125  1.4 
 1.72875  0.780274  1.4 
 1.72909  0.77875  1.4 
 1.72961  0.77625  1.4 
 1.73008  0.77375  1.4 


# Contour 57, label:      1.3
 1.74127  0.55375  1.3 
 1.74125  0.552844  1.3 
 1.74118  0.55125  1.3 
 1.74108  0.54875  1.3 
 1.741  0.54625  1.3 
 1.74092  0.54375  1.3 
 1.74084  0.54125  1.3 
 1.74077  0.53875  1.3 
 1.74071  0.53625  1.3 
 1.74066  0.53375  1.3 
 1.74061  0.53125  1.3 
 1.74056  0.52875  1.3 
 1.74052  0.52625  1.3 
 1.74048  0.52375  1.3 
 1.74045  0.52125  1.3 
 1.74042  0.51875  1.3 
 1.7404  0.51625  1.3 
 1.74038  0.51375  1.3 
 1.74036  0.51125  1.3 
 1.74035  0.50875  1.3 
 1.74034  0.50625  1.3 
 1.74034  0.50375  1.3 
 1.74033  0.50125  1.3 

# Contour 58, label: 
 1.72834  0.77375  1.3 
 1.72875  0.77139  1.3 
 1.72878  0.77125  1.3 
 1.72933  0.76875  1.3 
 1.72981  0.76625  1.3 
 1.73024  0.76375  1.3 
 1.73066  0.76125  1.3 
 1.7311  0.75875  1.3 
 1.73125  0.757991  1.3 
 1.73166  0.75625  1.3 
 1.73219  0.75375  1.3 
 1.73265  0.75125  1.3 
 1.73309  0.74875  1.3 
 1.73355  0.74625  1.3 
 1.73375  0.745282  1.3 
 1.73413  0.74375  1.3 
 1.73468  0.74125  1.3 
 1.73517  0.73875  1.3 
 1.73563  0.73625  1.3 
 1.73612  0.73375  1.3 
 1.73625  0.733166  1.3 
 1.73674  0.73125  1.3 
 1.7373  0.72875  1.3 
 1.7378  0.72625  1.3 
 1.73828  0.72375  1.3 
 1.73875  0.721565  1.3 
 1.73883  0.72125  1.3 
 1.73948  0.71875  1.3 
 1.74003  0.71625  1.3 
 1.74054  0.71375  1.3 
 1.74106  0.71125  1.3 
 1.74125  0.710465  1.3 
 1.74173  0.70875  1.3 
 1.74236  0.70625  1.3 
 1.74292  0.70375  1.3 
 1.7435  0.70125  1.3 
 1.74375  0.700322  1.3 
 1.74427  0.69875  1.3 
 1.74504  0.69625  1.3 
 1.74574  0.69375  1.3 
 1.74625  0.692049  1.3 
 1.74648  0.69125  1.3 
 1.74697  0.68875  1.3 
 1.7472  0.68625  1.3 
 1.74729  0.68375  1.3 
 1.7473  0.68125  1.3 
 1.74726  0.67875  1.3 
 1.74718  0.67625  1.3 
 1.74709  0.67375  1.3 
 1.74698  0.67125  1.3 
 1.74686  0.66875  1.3 
 1.74674  0.66625  1.3 
 1.74661  0.66375  1.3 
 1.74648  0.66125  1.3 
 1.74634  0.65875  1.3 
 1.74625  0.657205  1.3 
 1.74615  0.65625  1.3 
 1.74589  0.65375  1.3 
 1.74566  0.65125  1.3 
 1.74546  0.64875  1.3 
 1.74528  0.64625  1.3 
 1.74511  0.64375  1.3 
 1.74496  0.64125  1.3 
 1.74482  0.63875  1.3 
 1.74469  0.63625  1.3 
 1.74457  0.63375  1.3 
 1.74445  0.63125  1.3 
 1.74434  0.62875  1.3 
 1.74423  0.62625  1.3 
 1.74411  0.62375  1.3 
 1.744  0.62125  1.3 
 1.74388  0.61875  1.3 
 1.74376  0.61625  1.3 
 1.74375  0.615986  1.3 
 1.74355  0.61375  1.3 
 1.74336  0.61125  1.3 
 1.74318  0.60875  1.3 
 1.74302  0.60625  1.3 
 1.74287  0.60375  1.3 
 1.74274  0.60125  1.3 
 1.74262  0.59875  1.3 
 1.74251  0.59625  1.3 
 1.7424  0.59375  1.3 
 1.74231  0.59125  1.3 
 1.74222  0.58875  1.3 
 1.74214  0.58625  1.3 
 1.74206  0.58375  1.3 
 1.74198  0.58125  1.3 
 1.74191  0.57875  1.3 
 1.74184  0.57625  1.3 
 1.74177  0.57375  1.3 
 1.7417  0.57125  1.3 
 1.74164  0.56875  1.3 
 1.74157  0.56625  1.3 
 1.74151  0.56375  1.3 
 1.74145  0.56125  1.3 
 1.74139  0.55875  1.3 
 1.74133  0.55625  1.3 
 1.74127  0.55375  1.3 

# Contour 59, label: 
 1.7081  0.99875  1.3 
 1.70811  0.99625  1.3 
 1.70812  0.99375  1.3 
 1.70813  0.99125  1.3 
 1.70815  0.98875  1.3 
 1.70817  0.98625  1.3 
 1.70819  0.98375  1.3 
 1.70822  0.98125  1.3 
 1.70826  0.97875  1.3 
 1.7083  0.97625  1.3 
 1.70834  0.97375  1.3 
 1.70839  0.97125  1.3 
 1.70845  0.96875  1.3 
 1.70851  0.96625  1.3 
 1.70857  0.96375  1.3 
 1.70864  0.96125  1.3 
 1.70872  0.95875  1.3 
 1.70875  0.957901  1.3 
 1.70882  0.95625  1.3 
 1.70893  0.95375  1.3 
 1.70905  0.95125  1.3 
 1.70916  0.94875  1.3 
 1.70928  0.94625  1.3 
 1.70941  0.94375  1.3 
 1.70953  0.94125  1.3 
 1.70966  0.93875  1.3 
 1.70978  0.93625  1.3 
 1.70991  0.93375  1.3 
 1.71003  0.93125  1.3 
 1.71016  0.92875  1.3 
 1.71029  0.92625  1.3 
 1.71042  0.92375  1.3 
 1.71056  0.92125  1.3 
 1.7107  0.91875  1.3 
 1.71084  0.91625  1.3 
 1.711  0.91375  1.3 
 1.71116  0.91125  1.3 
 1.71125  0.910055  1.3 
 1.71137  0.90875  1.3 
 1.71159  0.90625  1.3 
 1.71181  0.90375  1.3 
 1.71202  0.90125  1.3 
 1.71223  0.89875  1.3 
 1.71243  0.89625  1.3 
 1.71262  0.89375  1.3 
 1.71282  0.89125  1.3 
 1.71301  0.88875  1.3 
 1.71321  0.88625  1.3 
 1.71341  0.88375  1.3 
 1.71363  0.88125  1.3 
 1.71375  0.879996  1.3 
 1.7139  0.87875  1.3 
 1.71419  0.87625  1.3 
 1.71447  0.87375  1.3 
 1.71473  0.87125  1.3 
 1.71499  0.86875  1.3 
 1.71523  0.86625  1.3 
 1.71546  0.86375  1.3 
 1.71571  0.86125  1.3 
 1.71596  0.85875  1.3 
 1.71623  0.85625  1.3 
 1.71625  0.856083  1.3 
 1.71658  0.85375  1.3 
 1.71692  0.85125  1.3 
 1.71723  0.84875  1.3 
 1.71752  0.84625  1.3 
 1.7178  0.84375  1.3 
 1.71808  0.84125  1.3 
 1.71836  0.83875  1.3 
 1.71867  0.83625  1.3 
 1.71875  0.835627  1.3 
 1.71905  0.83375  1.3 
 1.71943  0.83125  1.3 
 1.71979  0.82875  1.3 
 1.72011  0.82625  1.3 
 1.72042  0.82375  1.3 
 1.72073  0.82125  1.3 
 1.72106  0.81875  1.3 
 1.72125  0.817449  1.3 
 1.72146  0.81625  1.3 
 1.72189  0.81375  1.3 
 1.72228  0.81125  1.3 
 1.72264  0.80875  1.3 
 1.72298  0.80625  1.3 
 1.72332  0.80375  1.3 
 1.72369  0.80125  1.3 
 1.72375  0.800909  1.3 
 1.72417  0.79875  1.3 
 1.72461  0.79625  1.3 
 1.72501  0.79375  1.3 
 1.72538  0.79125  1.3 
 1.72575  0.78875  1.3 
 1.72614  0.78625  1.3 
 1.72625  0.785651  1.3 
 1.72664  0.78375  1.3 
 1.72712  0.78125  1.3 
 1.72755  0.77875  1.3 
 1.72794  0.77625  1.3 
 1.72834  0.77375  1.3 


# Contour 60, label:      1.2
 1.74029  0.55625  1.2 
 1.74021  0.55375  1.2 
 1.74014  0.55125  1.2 
 1.74007  0.54875  1.2 
 1.74001  0.54625  1.2 
 1.73996  0.54375  1.2 
 1.7399  0.54125  1.2 
 1.73986  0.53875  1.2 
 1.73981  0.53625  1.2 
 1.73977  0.53375  1.2 
 1.73974  0.53125  1.2 
 1.73971  0.52875  1.2 
 1.73968  0.52625  1.2 
 1.73965  0.52375  1.2 
 1.73963  0.52125  1.2 
 1.73961  0.51875  1.2 
 1.73959  0.51625  1.2 
 1.73958  0.51375  1.2 
 1.73957  0.51125  1.2 
 1.73956  0.50875  1.2 
 1.73955  0.50625  1.2 
 1.73955  0.50375  1.2 
 1.73954  0.50125  1.2 

# Contour 61, label: 
 1.72699  0.77375  1.2 
 1.72738  0.77125  1.2 
 1.7278  0.76875  1.2 
 1.7283  0.76625  1.2 
 1.72875  0.764399  1.2 
 1.72888  0.76375  1.2 
 1.72932  0.76125  1.2 
 1.72974  0.75875  1.2 
 1.73017  0.75625  1.2 
 1.73067  0.75375  1.2 
 1.73125  0.751399  1.2 
 1.73128  0.75125  1.2 
 1.73176  0.74875  1.2 
 1.7322  0.74625  1.2 
 1.73265  0.74375  1.2 
 1.73317  0.74125  1.2 
 1.73375  0.739032  1.2 
 1.73381  0.73875  1.2 
 1.73431  0.73625  1.2 
 1.73476  0.73375  1.2 
 1.73524  0.73125  1.2 
 1.73582  0.72875  1.2 
 1.73625  0.727208  1.2 
 1.73646  0.72625  1.2 
 1.73696  0.72375  1.2 
 1.73744  0.72125  1.2 
 1.73797  0.71875  1.2 
 1.73864  0.71625  1.2 
 1.73875  0.715881  1.2 
 1.73922  0.71375  1.2 
 1.73972  0.71125  1.2 
 1.74024  0.70875  1.2 
 1.74088  0.70625  1.2 
 1.74125  0.705037  1.2 
 1.74157  0.70375  1.2 
 1.74213  0.70125  1.2 
 1.74272  0.69875  1.2 
 1.7435  0.69625  1.2 
 1.74375  0.695607  1.2 
 1.74432  0.69375  1.2 
 1.74501  0.69125  1.2 
 1.74573  0.68875  1.2 
 1.74625  0.686694  1.2 
 1.74631  0.68625  1.2 
 1.74648  0.68375  1.2 
 1.74655  0.68125  1.2 
 1.74655  0.67875  1.2 
 1.74651  0.67625  1.2 
 1.74645  0.67375  1.2 
 1.74636  0.67125  1.2 
 1.74627  0.66875  1.2 
 1.74625  0.668378  1.2 
 1.74602  0.66625  1.2 
 1.74576  0.66375  1.2 
 1.74552  0.66125  1.2 
 1.74531  0.65875  1.2 
 1.74511  0.65625  1.2 
 1.74494  0.65375  1.2 
 1.74478  0.65125  1.2 
 1.74463  0.64875  1.2 
 1.7445  0.64625  1.2 
 1.74438  0.64375  1.2 
 1.74427  0.64125  1.2 
 1.74416  0.63875  1.2 
 1.74406  0.63625  1.2 
 1.74396  0.63375  1.2 
 1.74386  0.63125  1.2 
 1.74376  0.62875  1.2 
 1.74375  0.628487  1.2 
 1.74351  0.62625  1.2 
 1.74328  0.62375  1.2 
 1.74306  0.62125  1.2 
 1.74287  0.61875  1.2 
 1.7427  0.61625  1.2 
 1.74255  0.61375  1.2 
 1.74241  0.61125  1.2 
 1.74229  0.60875  1.2 
 1.74218  0.60625  1.2 
 1.74207  0.60375  1.2 
 1.74198  0.60125  1.2 
 1.74189  0.59875  1.2 
 1.74181  0.59625  1.2 
 1.74173  0.59375  1.2 
 1.74166  0.59125  1.2 
 1.74159  0.58875  1.2 
 1.74152  0.58625  1.2 
 1.74145  0.58375  1.2 
 1.74139  0.58125  1.2 
 1.74132  0.57875  1.2 
 1.74126  0.57625  1.2 
 1.74125  0.575826  1.2 
 1.74111  0.57375  1.2 
 1.74096  0.57125  1.2 
 1.74082  0.56875  1.2 
 1.7407  0.56625  1.2 
 1.74058  0.56375  1.2 
 1.74048  0.56125  1.2 
 1.74038  0.55875  1.2 
 1.74029  0.55625  1.2 

# Contour 62, label: 
 1.70671  0.99875  1.2 
 1.70672  0.99625  1.2 
 1.70672  0.99375  1.2 
 1.70674  0.99125  1.2 
 1.70676  0.98875  1.2 
 1.70678  0.98625  1.2 
 1.7068  0.98375  1.2 
 1.70684  0.98125  1.2 
 1.70687  0.97875  1.2 
 1.70691  0.97625  1.2 
 1.70696  0.97375  1.2 
 1.707  0.97125  1.2 
 1.70706  0.96875  1.2 
 1.70711  0.96625  1.2 
 1.70717  0.96375  1.2 
 1.70724  0.96125  1.2 
 1.70731  0.95875  1.2 
 1.70738  0.95625  1.2 
 1.70746  0.95375  1.2 
 1.70754  0.95125  1.2 
 1.70763  0.94875  1.2 
 1.70773  0.94625  1.2 
 1.70784  0.94375  1.2 
 1.70795  0.94125  1.2 
 1.70808  0.93875  1.2 
 1.70822  0.93625  1.2 
 1.70837  0.93375  1.2 
 1.70853  0.93125  1.2 
 1.70872  0.92875  1.2 
 1.70875  0.928364  1.2 
 1.70888  0.92625  1.2 
 1.70902  0.92375  1.2 
 1.70917  0.92125  1.2 
 1.70931  0.91875  1.2 
 1.70946  0.91625  1.2 
 1.70961  0.91375  1.2 
 1.70976  0.91125  1.2 
 1.70992  0.90875  1.2 
 1.71008  0.90625  1.2 
 1.71026  0.90375  1.2 
 1.71045  0.90125  1.2 
 1.71066  0.89875  1.2 
 1.7109  0.89625  1.2 
 1.71117  0.89375  1.2 
 1.71125  0.893074  1.2 
 1.71141  0.89125  1.2 
 1.71162  0.88875  1.2 
 1.71183  0.88625  1.2 
 1.71203  0.88375  1.2 
 1.71223  0.88125  1.2 
 1.71244  0.87875  1.2 
 1.71266  0.87625  1.2 
 1.7129  0.87375  1.2 
 1.71317  0.87125  1.2 
 1.71348  0.86875  1.2 
 1.71375  0.866846  1.2 
 1.71382  0.86625  1.2 
 1.71408  0.86375  1.2 
 1.71433  0.86125  1.2 
 1.71458  0.85875  1.2 
 1.71483  0.85625  1.2 
 1.71508  0.85375  1.2 
 1.71536  0.85125  1.2 
 1.71568  0.84875  1.2 
 1.71604  0.84625  1.2 
 1.71625  0.844996  1.2 
 1.71641  0.84375  1.2 
 1.71671  0.84125  1.2 
 1.71699  0.83875  1.2 
 1.71727  0.83625  1.2 
 1.71756  0.83375  1.2 
 1.71788  0.83125  1.2 
 1.71825  0.82875  1.2 
 1.71868  0.82625  1.2 
 1.71875  0.825873  1.2 
 1.71905  0.82375  1.2 
 1.71937  0.82125  1.2 
 1.71968  0.81875  1.2 
 1.72  0.81625  1.2 
 1.72035  0.81375  1.2 
 1.72075  0.81125  1.2 
 1.72123  0.80875  1.2 
 1.72125  0.808655  1.2 
 1.72161  0.80625  1.2 
 1.72196  0.80375  1.2 
 1.72231  0.80125  1.2 
 1.72266  0.79875  1.2 
 1.72307  0.79625  1.2 
 1.72355  0.79375  1.2 
 1.72375  0.792844  1.2 
 1.72402  0.79125  1.2 
 1.7244  0.78875  1.2 
 1.72477  0.78625  1.2 
 1.72515  0.78375  1.2 
 1.72558  0.78125  1.2 
 1.72611  0.77875  1.2 
 1.72625  0.778168  1.2 
 1.72659  0.77625  1.2 
 1.72699  0.77375  1.2 


# Contour 63, label:      1.1
 1.73914  0.55375  1.1 
 1.7391  0.55125  1.1 
 1.73906  0.54875  1.1 
 1.73903  0.54625  1.1 
 1.739  0.54375  1.1 
 1.73897  0.54125  1.1 
 1.73894  0.53875  1.1 
 1.73891  0.53625  1.1 
 1.73889  0.53375  1.1 
 1.73887  0.53125  1.1 
 1.73885  0.52875  1.1 
 1.73884  0.52625  1.1 
 1.73882  0.52375  1.1 
 1.73881  0.52125  1.1 
 1.7388  0.51875  1.1 
 1.73879  0.51625  1.1 
 1.73878  0.51375  1.1 
 1.73877  0.51125  1.1 
 1.73876  0.50875  1.1 
 1.73876  0.50625  1.1 
 1.73876  0.50375  1.1 
 1.73876  0.50125  1.1 

# Contour 64, label: 
 1.72511  0.77375  1.1 
 1.72568  0.77125  1.1 
 1.72625  0.769176  1.1 
 1.72631  0.76875  1.1 
 1.72662  0.76625  1.1 
 1.72698  0.76375  1.1 
 1.72741  0.76125  1.1 
 1.72796  0.75875  1.1 
 1.72866  0.75625  1.1 
 1.72875  0.755946  1.1 
 1.72904  0.75375  1.1 
 1.7294  0.75125  1.1 
 1.72984  0.74875  1.1 
 1.73041  0.74625  1.1 
 1.73114  0.74375  1.1 
 1.73125  0.743378  1.1 
 1.73154  0.74125  1.1 
 1.73193  0.73875  1.1 
 1.7324  0.73625  1.1 
 1.73302  0.73375  1.1 
 1.73375  0.731415  1.1 
 1.73378  0.73125  1.1 
 1.73414  0.72875  1.1 
 1.73456  0.72625  1.1 
 1.7351  0.72375  1.1 
 1.73581  0.72125  1.1 
 1.73625  0.719877  1.1 
 1.73643  0.71875  1.1 
 1.73682  0.71625  1.1 
 1.73731  0.71375  1.1 
 1.73796  0.71125  1.1 
 1.73875  0.708907  1.1 
 1.73878  0.70875  1.1 
 1.73917  0.70625  1.1 
 1.73965  0.70375  1.1 
 1.74029  0.70125  1.1 
 1.7412  0.69875  1.1 
 1.74125  0.698618  1.1 
 1.7417  0.69625  1.1 
 1.74234  0.69375  1.1 
 1.74326  0.69125  1.1 
 1.74375  0.690034  1.1 
 1.74402  0.68875  1.1 
 1.74445  0.68625  1.1 
 1.74477  0.68375  1.1 
 1.74496  0.68125  1.1 
 1.74503  0.67875  1.1 
 1.74501  0.67625  1.1 
 1.74493  0.67375  1.1 
 1.74481  0.67125  1.1 
 1.74468  0.66875  1.1 
 1.74455  0.66625  1.1 
 1.74442  0.66375  1.1 
 1.74429  0.66125  1.1 
 1.74418  0.65875  1.1 
 1.74408  0.65625  1.1 
 1.74398  0.65375  1.1 
 1.74389  0.65125  1.1 
 1.74381  0.64875  1.1 
 1.74375  0.646995  1.1 
 1.74366  0.64625  1.1 
 1.74338  0.64375  1.1 
 1.74313  0.64125  1.1 
 1.7429  0.63875  1.1 
 1.7427  0.63625  1.1 
 1.74251  0.63375  1.1 
 1.74235  0.63125  1.1 
 1.74219  0.62875  1.1 
 1.74206  0.62625  1.1 
 1.74193  0.62375  1.1 
 1.74182  0.62125  1.1 
 1.74172  0.61875  1.1 
 1.74163  0.61625  1.1 
 1.74155  0.61375  1.1 
 1.74147  0.61125  1.1 
 1.7414  0.60875  1.1 
 1.74133  0.60625  1.1 
 1.74127  0.60375  1.1 
 1.74125  0.602804  1.1 
 1.74111  0.60125  1.1 
 1.7409  0.59875  1.1 
 1.74072  0.59625  1.1 
 1.74055  0.59375  1.1 
 1.74039  0.59125  1.1 
 1.74025  0.58875  1.1 
 1.74012  0.58625  1.1 
 1.74  0.58375  1.1 
 1.73989  0.58125  1.1 
 1.73979  0.57875  1.1 
 1.73969  0.57625  1.1 
 1.73961  0.57375  1.1 
 1.73953  0.57125  1.1 
 1.73946  0.56875  1.1 
 1.73939  0.56625  1.1 
 1.73933  0.56375  1.1 
 1.73928  0.56125  1.1 
 1.73923  0.55875  1.1 
 1.73918  0.55625  1.1 
 1.73914  0.55375  1.1 

# Contour 65, label: 
 1.70475  0.99875  1.1 
 1.70476  0.99625  1.1 
 1.70477  0.99375  1.1 
 1.70478  0.99125  1.1 
 1.7048  0.98875  1.1 
 1.70482  0.98625  1.1 
 1.70485  0.98375  1.1 
 1.70489  0.98125  1.1 
 1.70493  0.97875  1.1 
 1.70497  0.97625  1.1 
 1.70503  0.97375  1.1 
 1.70509  0.97125  1.1 
 1.70515  0.96875  1.1 
 1.70523  0.96625  1.1 
 1.70531  0.96375  1.1 
 1.7054  0.96125  1.1 
 1.70551  0.95875  1.1 
 1.70562  0.95625  1.1 
 1.70574  0.95375  1.1 
 1.70588  0.95125  1.1 
 1.70603  0.94875  1.1 
 1.70619  0.94625  1.1 
 1.70625  0.945373  1.1 
 1.7063  0.94375  1.1 
 1.70637  0.94125  1.1 
 1.70645  0.93875  1.1 
 1.70654  0.93625  1.1 
 1.70663  0.93375  1.1 
 1.70673  0.93125  1.1 
 1.70683  0.92875  1.1 
 1.70695  0.92625  1.1 
 1.70707  0.92375  1.1 
 1.70721  0.92125  1.1 
 1.70737  0.91875  1.1 
 1.70754  0.91625  1.1 
 1.70773  0.91375  1.1 
 1.70794  0.91125  1.1 
 1.70818  0.90875  1.1 
 1.70845  0.90625  1.1 
 1.70874  0.90375  1.1 
 1.70875  0.903686  1.1 
 1.70888  0.90125  1.1 
 1.70901  0.89875  1.1 
 1.70915  0.89625  1.1 
 1.70931  0.89375  1.1 
 1.70948  0.89125  1.1 
 1.70967  0.88875  1.1 
 1.70989  0.88625  1.1 
 1.71013  0.88375  1.1 
 1.71041  0.88125  1.1 
 1.71073  0.87875  1.1 
 1.71109  0.87625  1.1 
 1.71125  0.875227  1.1 
 1.71135  0.87375  1.1 
 1.71152  0.87125  1.1 
 1.7117  0.86875  1.1 
 1.71191  0.86625  1.1 
 1.71214  0.86375  1.1 
 1.7124  0.86125  1.1 
 1.7127  0.85875  1.1 
 1.71305  0.85625  1.1 
 1.71347  0.85375  1.1 
 1.71375  0.852168  1.1 
 1.71382  0.85125  1.1 
 1.71402  0.84875  1.1 
 1.71424  0.84625  1.1 
 1.71449  0.84375  1.1 
 1.71477  0.84125  1.1 
 1.71509  0.83875  1.1 
 1.71548  0.83625  1.1 
 1.71595  0.83375  1.1 
 1.71625  0.832245  1.1 
 1.71634  0.83125  1.1 
 1.71657  0.82875  1.1 
 1.71682  0.82625  1.1 
 1.71711  0.82375  1.1 
 1.71745  0.82125  1.1 
 1.71786  0.81875  1.1 
 1.71835  0.81625  1.1 
 1.71875  0.81446  1.1 
 1.71882  0.81375  1.1 
 1.71907  0.81125  1.1 
 1.71935  0.80875  1.1 
 1.71968  0.80625  1.1 
 1.72007  0.80375  1.1 
 1.72055  0.80125  1.1 
 1.72113  0.79875  1.1 
 1.72125  0.798239  1.1 
 1.72147  0.79625  1.1 
 1.72175  0.79375  1.1 
 1.72209  0.79125  1.1 
 1.72249  0.78875  1.1 
 1.723  0.78625  1.1 
 1.72361  0.78375  1.1 
 1.72375  0.783219  1.1 
 1.72398  0.78125  1.1 
 1.72429  0.77875  1.1 
 1.72466  0.77625  1.1 
 1.72511  0.77375  1.1 

