
# Surface 0 of 1 surfaces

# Curve title: ""./data/VOFGFM-EMOF2-TSTM-MUSCL-211-90-417-prims.dat" u 1:2:7"

# Contour 0, label:     0.65
 2.86967  0.591633  0.65 
 2.85228  0.583333  0.65 
 2.83649  0.57766  0.65 
 2.82498  0.55  0.65 
 2.82818  0.516667  0.65 
 2.83649  0.511759  0.65 
 2.84549  0.516667  0.65 
 2.86967  0.541129  0.65 
 2.87178  0.55  0.65 
 2.87134  0.583333  0.65 
 2.86967  0.591633  0.65 


# Contour 1, label:      0.6
 2.83649  0.824175  0.6 
 2.82966  0.816667  0.6 
 2.80332  0.786258  0.6 
 2.80082  0.783333  0.6 
 2.78934  0.75  0.6 
 2.77664  0.716667  0.6 
 2.77014  0.704252  0.6 
 2.75819  0.683333  0.6 
 2.74605  0.65  0.6 
 2.73697  0.623709  0.6 
 2.7344  0.616667  0.6 
 2.71538  0.583333  0.6 
 2.70379  0.553292  0.6 
 2.70249  0.55  0.6 
 2.69498  0.516667  0.6 
 2.69773  0.483333  0.6 
 2.70379  0.472085  0.6 
 2.71742  0.45  0.6 
 2.73697  0.441009  0.6 
 2.77014  0.434974  0.6 
 2.80332  0.438426  0.6 
 2.83649  0.448403  0.6 
 2.83854  0.45  0.6 
 2.86967  0.473113  0.6 
 2.87554  0.483333  0.6 
 2.89361  0.516667  0.6 
 2.90284  0.534904  0.6 
 2.90634  0.55  0.6 
 2.91429  0.583333  0.6 
 2.92595  0.616667  0.6 
 2.93602  0.638946  0.6 
 2.93824  0.65  0.6 
 2.94525  0.683333  0.6 
 2.95573  0.716667  0.6 
 2.96589  0.75  0.6 
 2.95225  0.783333  0.6 
 2.93602  0.813674  0.6 
 2.93184  0.816667  0.6 
 2.90284  0.841295  0.6 
 2.86967  0.849725  0.6 
 2.83649  0.824175  0.6 


# Contour 2, label:     0.55
 2.80332  0.922171  0.55 
 2.79626  0.916667  0.55 
 2.77014  0.893595  0.55 
 2.75498  0.883333  0.55 
 2.73697  0.870506  0.55 
 2.70776  0.85  0.55 
 2.70379  0.846663  0.55 
 2.67589  0.816667  0.55 
 2.67062  0.804183  0.55 
 2.65842  0.783333  0.55 
 2.63744  0.756763  0.55 
 2.63251  0.75  0.55 
 2.61214  0.716667  0.55 
 2.60427  0.701291  0.55 
 2.59425  0.683333  0.55 
 2.57585  0.65  0.55 
 2.57109  0.641691  0.55 
 2.5562  0.616667  0.55 
 2.53791  0.585828  0.55 
 2.53634  0.583333  0.55 
 2.51942  0.55  0.55 
 2.50762  0.516667  0.55 
 2.50474  0.503802  0.55 
 2.49997  0.483333  0.55 
 2.50053  0.45  0.55 
 2.50474  0.437148  0.55 
 2.51193  0.416667  0.55 
 2.53791  0.391051  0.55 
 2.54856  0.383333  0.55 
 2.57109  0.376035  0.55 
 2.60427  0.370215  0.55 
 2.63744  0.368025  0.55 
 2.67062  0.368715  0.55 
 2.70379  0.371145  0.55 
 2.73697  0.376071  0.55 
 2.76148  0.383333  0.55 
 2.77014  0.385506  0.55 
 2.80332  0.395844  0.55 
 2.83649  0.412352  0.55 
 2.84036  0.416667  0.55 
 2.86967  0.440066  0.55 
 2.87465  0.45  0.55 
 2.89474  0.483333  0.55 
 2.90284  0.496246  0.55 
 2.9088  0.516667  0.55 
 2.919  0.55  0.55 
 2.93426  0.583333  0.55 
 2.93602  0.587064  0.55 
 2.94293  0.616667  0.55 
 2.95317  0.65  0.55 
 2.96882  0.683333  0.55 
 2.96919  0.68416  0.55 
 2.97583  0.716667  0.55 
 2.98125  0.75  0.55 
 2.97585  0.783333  0.55 
 2.96919  0.80008  0.55 
 2.95728  0.816667  0.55 
 2.93819  0.85  0.55 
 2.93602  0.854247  0.55 
 2.91148  0.883333  0.55 
 2.90284  0.896295  0.55 
 2.87672  0.916667  0.55 
 2.86967  0.923566  0.55 
 2.83649  0.932477  0.55 
 2.80332  0.922171  0.55 


# Contour 3, label:      0.5
 2.77014  0.991206  0.5 
 2.75922  0.983333  0.5 
 2.73697  0.965811  0.5 
 2.71034  0.95  0.5 
 2.70379  0.946078  0.5 
 2.67062  0.930032  0.5 
 2.63937  0.916667  0.5 
 2.63744  0.915515  0.5 
 2.60427  0.895305  0.5 
 2.58359  0.883333  0.5 
 2.57109  0.871768  0.5 
 2.5499  0.85  0.5 
 2.53791  0.838953  0.5 
 2.50762  0.816667  0.5 
 2.50474  0.814094  0.5 
 2.47156  0.787148  0.5 
 2.46659  0.783333  0.5 
 2.43839  0.756284  0.5 
 2.43131  0.75  0.5 
 2.40521  0.71723  0.5 
 2.40476  0.716667  0.5 
 2.38259  0.683333  0.5 
 2.37204  0.666162  0.5 
 2.36163  0.65  0.5 
 2.3396  0.616667  0.5 
 2.33886  0.615644  0.5 
 2.31541  0.583333  0.5 
 2.30569  0.567004  0.5 
 2.29582  0.55  0.5 
 2.28393  0.516667  0.5 
 2.27784  0.483333  0.5 
 2.27473  0.45  0.5 
 2.27506  0.416667  0.5 
 2.2803  0.383333  0.5 
 2.29244  0.35  0.5 
 2.30569  0.333455  0.5 
 2.3243  0.316667  0.5 
 2.33886  0.307689  0.5 
 2.37204  0.29428  0.5 
 2.40521  0.286143  0.5 
 2.42315  0.283333  0.5 
 2.43839  0.279554  0.5 
 2.47156  0.274148  0.5 
 2.50474  0.270818  0.5 
 2.53791  0.269029  0.5 
 2.57109  0.268537  0.5 
 2.60427  0.268854  0.5 
 2.63744  0.269521  0.5 
 2.67062  0.271009  0.5 
 2.70379  0.270959  0.5 
 2.73697  0.262867  0.5 
 2.77014  0.260951  0.5 
 2.78959  0.283333  0.5 
 2.80332  0.290009  0.5 
 2.81532  0.316667  0.5 
 2.83649  0.341252  0.5 
 2.83855  0.35  0.5 
 2.85558  0.383333  0.5 
 2.86967  0.399656  0.5 
 2.87463  0.416667  0.5 
 2.89076  0.45  0.5 
 2.90284  0.468813  0.5 
 2.90722  0.483333  0.5 
 2.91774  0.516667  0.5 
 2.93166  0.55  0.5 
 2.93602  0.559132  0.5 
 2.94264  0.583333  0.5 
 2.95279  0.616667  0.5 
 2.96811  0.65  0.5 
 2.96919  0.652275  0.5 
 2.977  0.683333  0.5 
 2.98651  0.716667  0.5 
 2.9942  0.75  0.5 
 2.98817  0.783333  0.5 
 2.97447  0.816667  0.5 
 2.96919  0.82774  0.5 
 2.95423  0.85  0.5 
 2.93698  0.883333  0.5 
 2.93602  0.885029  0.5 
 2.9114  0.916667  0.5 
 2.90284  0.93016  0.5 
 2.88281  0.95  0.5 
 2.86967  0.966354  0.5 
 2.84553  0.983333  0.5 
 2.83649  0.991011  0.5 
 2.80332  0.999439  0.5 
 2.77014  0.991206  0.5 

# Contour 4, label: 
 2.66568  0.0166667  0.5 
 2.67062  0.0223997  0.5 
 2.6874  0.05  0.5 
 2.70379  0.0800456  0.5 
 2.70535  0.0833333  0.5 
 2.72128  0.116667  0.5 
 2.73622  0.15  0.5 
 2.73697  0.152327  0.5 
 2.7592  0.183333  0.5 
 2.77014  0.202501  0.5 
 2.80332  0.187237  0.5 
 2.80421  0.183333  0.5 
 2.81581  0.15  0.5 
 2.82773  0.116667  0.5 
 2.83599  0.0833333  0.5 
 2.83649  0.0809804  0.5 
 2.83785  0.05  0.5 
 2.83893  0.0166667  0.5 

# Contour 5, label: 
 0.0165877  0.178199  0.5 
 0.0407516  0.15  0.5 
 0.049763  0.140314  0.5 
 0.0783783  0.116667  0.5 
 0.0829384  0.113007  0.5 
 0.111161  0.0833333  0.5 
 0.116114  0.0782273  0.5 
 0.141543  0.05  0.5 
 0.149289  0.043515  0.5 
 0.178285  0.0166667  0.5 


# Contour 6, label:     0.45
 2.40521  0.920815  0.45 
 2.43839  0.928916  0.45 
 2.47156  0.939265  0.45 
 2.49874  0.95  0.45 
 2.50474  0.952017  0.45 
 2.53791  0.963139  0.45 
 2.57109  0.971461  0.45 
 2.60427  0.979062  0.45 
 2.61968  0.983333  0.45 
 2.63744  0.987679  0.45 
 2.67062  0.999589  0.45 
 2.70379  1.01626  0.45 
 2.7044  1.01667  0.45 
 2.73697  1.03668  0.45 
 2.76584  1.05  0.45 
 2.77014  1.05128  0.45 
 2.78792  1.05  0.45 
 2.80332  1.0487  0.45 
 2.83649  1.02754  0.45 
 2.84659  1.01667  0.45 
 2.86967  0.995532  0.45 
 2.87889  0.983333  0.45 
 2.90284  0.955847  0.45 
 2.90685  0.95  0.45 
 2.92894  0.916667  0.45 
 2.93602  0.907571  0.45 
 2.94979  0.883333  0.45 
 2.96919  0.851424  0.45 
 2.97003  0.85  0.45 
 2.98584  0.816667  0.45 
 3.00048  0.783333  0.45 
 3.00237  0.773539  0.45 
 3.00542  0.75  0.45 
 3.00237  0.735568  0.45 
 2.9972  0.716667  0.45 
 2.98493  0.683333  0.45 
 2.97527  0.65  0.45 
 2.96919  0.630565  0.45 
 2.96265  0.616667  0.45 
 2.9499  0.583333  0.45 
 2.94021  0.55  0.45 
 2.93602  0.53714  0.45 
 2.92668  0.516667  0.45 
 2.9148  0.483333  0.45 
 2.90488  0.45  0.45 
 2.90284  0.43948  0.45 
 2.89291  0.416667  0.45 
 2.88545  0.383333  0.45 
 2.88243  0.35  0.45 
 2.88172  0.316667  0.45 
 2.88184  0.283333  0.45 
 2.88225  0.25  0.45 
 2.88284  0.216667  0.45 
 2.88347  0.183333  0.45 
 2.88398  0.15  0.45 
 2.8844  0.116667  0.45 
 2.88461  0.0833333  0.45 
 2.88486  0.05  0.45 
 2.88483  0.0166667  0.45 

# Contour 7, label: 
 0.0165877  1.67096  0.45 
 0.0200563  1.65  0.45 
 0.0259102  1.61667  0.45 
 0.0321894  1.58333  0.45 
 0.0389139  1.55  0.45 
 0.0460921  1.51667  0.45 
 0.049763  1.50041  0.45 
 0.0564854  1.48333  0.45 
 0.0702448  1.45  0.45 
 0.0829384  1.42093  0.45 
 0.0851141  1.41667  0.45 
 0.10261  1.38333  0.45 
 0.116114  1.35872  0.45 
 0.121787  1.35  0.45 
 0.144012  1.31667  0.45 
 0.149289  1.30891  0.45 
 0.170071  1.28333  0.45 
 0.182464  1.2683  0.45 
 0.20037  1.25  0.45 
 0.21564  1.23446  0.45 
 0.236186  1.21667  0.45 
 0.248815  1.20571  0.45 
 0.278325  1.18333  0.45 
 0.281991  1.18054  0.45 
 0.315166  1.15754  0.45 
 0.326713  1.15  0.45 
 0.348341  1.13581  0.45 
 0.378325  1.11667  0.45 
 0.381517  1.11463  0.45 
 0.414692  1.09352  0.45 
 0.430213  1.08333  0.45 
 0.447867  1.07179  0.45 
 0.480438  1.05  0.45 
 0.481043  1.0496  0.45 
 0.514218  1.02848  0.45 
 0.534747  1.01667  0.45 
 0.547393  1.00933  0.45 
 0.580569  0.992593  0.45 
 0.602032  0.983333  0.45 
 0.613744  0.978196  0.45 
 0.646919  0.967114  0.45 
 0.680095  0.957328  0.45 
 0.71327  0.951722  0.45 
 0.730589  0.95  0.45 
 0.746445  0.948395  0.45 
 0.779621  0.945704  0.45 
 0.812796  0.942931  0.45 
 0.845972  0.938665  0.45 
 0.879147  0.932528  0.45 
 0.912322  0.924972  0.45 
 0.945498  0.917235  0.45 
 0.948829  0.916667  0.45 
 0.978673  0.911467  0.45 
 1.01185  0.907731  0.45 
 1.04502  0.905415  0.45 
 1.0782  0.9039  0.45 
 1.11137  0.90261  0.45 
 1.14455  0.90104  0.45 
 1.17773  0.898392  0.45 
 1.2109  0.894031  0.45 
 1.24408  0.888744  0.45 
 1.27725  0.884587  0.45 
 1.29384  0.883333  0.45 
 1.31043  0.882078  0.45 
 1.3436  0.880759  0.45 
 1.37678  0.879842  0.45 
 1.40995  0.87892  0.45 
 1.44313  0.878047  0.45 
 1.4763  0.87767  0.45 
 1.50948  0.878251  0.45 
 1.54265  0.88023  0.45 
 1.57305  0.883333  0.45 
 1.57583  0.883612  0.45 
 1.609  0.888252  0.45 
 1.64218  0.893985  0.45 
 1.67536  0.899334  0.45 
 1.70853  0.90395  0.45 
 1.74171  0.908565  0.45 
 1.77488  0.912108  0.45 
 1.80806  0.913096  0.45 
 1.84123  0.911805  0.45 
 1.87441  0.908835  0.45 
 1.90758  0.906613  0.45 
 1.94076  0.9064  0.45 
 1.97393  0.907846  0.45 
 2.00711  0.909473  0.45 
 2.04028  0.91185  0.45 
 2.07346  0.91484  0.45 
 2.10664  0.898987  0.45 
 2.13981  0.906711  0.45 
 2.17299  0.907843  0.45 
 2.20616  0.906224  0.45 
 2.23934  0.905207  0.45 
 2.27251  0.905724  0.45 
 2.30569  0.907425  0.45 
 2.33886  0.909858  0.45 
 2.37204  0.914432  0.45 
 2.38232  0.916667  0.45 
 2.40521  0.920815  0.45 


# Contour 8, label:      0.4
 1.84123  1.5092  0.4 
 1.8665  1.48333  0.4 
 1.87441  1.47648  0.4 
 1.90496  1.45  0.4 
 1.90758  1.44781  0.4 
 1.93646  1.41667  0.4 
 1.94076  1.41214  0.4 
 1.96407  1.38333  0.4 
 1.97393  1.37246  0.4 
 1.99209  1.35  0.4 
 2.00711  1.33311  0.4 
 2.01937  1.31667  0.4 
 2.04028  1.29033  0.4 
 2.04572  1.28333  0.4 
 2.07346  1.25515  0.4 
 2.08837  1.25  0.4 
 2.10664  1.24521  0.4 
 2.13981  1.21693  0.4 
 2.14012  1.21667  0.4 
 2.17299  1.19233  0.4 
 2.19034  1.18333  0.4 
 2.20616  1.17509  0.4 
 2.23934  1.15098  0.4 
 2.24035  1.15  0.4 
 2.27251  1.12391  0.4 
 2.28101  1.11667  0.4 
 2.30569  1.098  0.4 
 2.33181  1.08333  0.4 
 2.33886  1.07983  0.4 
 2.37204  1.0655  0.4 
 2.40521  1.05441  0.4 
 2.4213  1.05  0.4 
 2.43839  1.04635  0.4 
 2.47156  1.04017  0.4 
 2.50474  1.03577  0.4 
 2.53791  1.03377  0.4 
 2.57109  1.03447  0.4 
 2.60427  1.03766  0.4 
 2.63744  1.04393  0.4 
 2.65475  1.05  0.4 
 2.67062  1.05447  0.4 
 2.70379  1.06679  0.4 
 2.73697  1.08156  0.4 
 2.74391  1.08333  0.4 
 2.77014  1.08738  0.4 
 2.78581  1.08333  0.4 
 2.80332  1.07802  0.4 
 2.83649  1.05397  0.4 
 2.84016  1.05  0.4 
 2.86967  1.01889  0.4 
 2.87153  1.01667  0.4 
 2.89693  0.983333  0.4 
 2.90284  0.976547  0.4 
 2.92105  0.95  0.4 
 2.93602  0.928707  0.4 
 2.94438  0.916667  0.4 
 2.96259  0.883333  0.4 
 2.96919  0.872476  0.4 
 2.98249  0.85  0.4 
 2.99721  0.816667  0.4 
 3.00237  0.80504  0.4 
 3.01155  0.783333  0.4 
 3.01369  0.75  0.4 
 3.00607  0.716667  0.4 
 3.00237  0.706626  0.4 
 2.99287  0.683333  0.4 
 2.98183  0.65  0.4 
 2.97143  0.616667  0.4 
 2.96919  0.611039  0.4 
 2.95716  0.583333  0.4 
 2.9466  0.55  0.4 
 2.93602  0.517537  0.4 
 2.93562  0.516667  0.4 
 2.92238  0.483333  0.4 
 2.913  0.45  0.4 
 2.90706  0.416667  0.4 
 2.90467  0.383333  0.4 
 2.90406  0.35  0.4 
 2.9041  0.316667  0.4 
 2.9043  0.283333  0.4 
 2.90456  0.25  0.4 
 2.90483  0.216667  0.4 
 2.90507  0.183333  0.4 
 2.90522  0.15  0.4 
 2.90533  0.116667  0.4 
 2.90536  0.0833333  0.4 
 2.90542  0.05  0.4 
 2.90532  0.0166667  0.4 

# Contour 9, label: 
 0.145499  2.98333  0.4 
 0.146473  2.95  0.4 
 0.147301  2.91667  0.4 
 0.148313  2.88333  0.4 
 0.149289  2.85187  0.4 
 0.149348  2.85  0.4 
 0.150469  2.81667  0.4 
 0.151624  2.78333  0.4 
 0.152826  2.75  0.4 
 0.154101  2.71667  0.4 
 0.15549  2.68333  0.4 
 0.157019  2.65  0.4 
 0.158697  2.61667  0.4 
 0.160538  2.58333  0.4 
 0.162564  2.55  0.4 
 0.164814  2.51667  0.4 
 0.167319  2.48333  0.4 
 0.170125  2.45  0.4 
 0.173276  2.41667  0.4 
 0.176824  2.38333  0.4 
 0.180839  2.35  0.4 
 0.182464  2.33797  0.4 
 0.185487  2.31667  0.4 
 0.190884  2.28333  0.4 
 0.197112  2.25  0.4 
 0.204332  2.21667  0.4 
 0.212753  2.18333  0.4 
 0.21564  2.17328  0.4 
 0.223235  2.15  0.4 
 0.236068  2.11667  0.4 
 0.248815  2.0886  0.4 
 0.251758  2.08333  0.4 
 0.273103  2.05  0.4 
 0.281991  2.03789  0.4 
 0.303186  2.01667  0.4 
 0.315166  2.00576  0.4 
 0.348341  1.98492  0.4 
 0.35219  1.98333  0.4 
 0.381517  1.97139  0.4 
 0.414692  1.96297  0.4 
 0.447867  1.95806  0.4 
 0.481043  1.95541  0.4 
 0.514218  1.95419  0.4 
 0.547393  1.95323  0.4 
 0.580569  1.95217  0.4 
 0.613744  1.95025  0.4 
 0.620379  1.95  0.4 
 0.646919  1.94895  0.4 
 0.680095  1.94929  0.4 
 0.694081  1.95  0.4 
 0.71327  1.95098  0.4 
 0.746445  1.95497  0.4 
 0.779621  1.96117  0.4 
 0.812796  1.96699  0.4 
 0.845972  1.97129  0.4 
 0.879147  1.97318  0.4 
 0.912322  1.97108  0.4 
 0.945498  1.95896  0.4 
 0.965139  1.95  0.4 
 0.978673  1.94424  0.4 
 1.01185  1.93564  0.4 
 1.04502  1.93072  0.4 
 1.0782  1.92726  0.4 
 1.11137  1.9239  0.4 
 1.14455  1.91882  0.4 
 1.15197  1.91667  0.4 
 1.17773  1.90858  0.4 
 1.2109  1.88983  0.4 
 1.22294  1.88333  0.4 
 1.24408  1.87259  0.4 
 1.27725  1.86168  0.4 
 1.31043  1.85478  0.4 
 1.34149  1.85  0.4 
 1.3436  1.84969  0.4 
 1.37678  1.84361  0.4 
 1.40995  1.83095  0.4 
 1.42703  1.81667  0.4 
 1.44313  1.80129  0.4 
 1.45667  1.78333  0.4 
 1.4763  1.75905  0.4 
 1.48727  1.75  0.4 
 1.50948  1.73417  0.4 
 1.54265  1.72036  0.4 
 1.55542  1.71667  0.4 
 1.57583  1.71097  0.4 
 1.609  1.70289  0.4 
 1.64218  1.69377  0.4 
 1.66625  1.68333  0.4 
 1.67536  1.67935  0.4 
 1.70853  1.65527  0.4 
 1.71363  1.65  0.4 
 1.74171  1.62193  0.4 
 1.74603  1.61667  0.4 
 1.77488  1.58505  0.4 
 1.7763  1.58333  0.4 
 1.80541  1.55  0.4 
 1.80806  1.54701  0.4 
 1.83442  1.51667  0.4 
 1.84123  1.5092  0.4 


# Contour 10, label:     0.35
 2.86967  1.03833  0.35 
 2.88777  1.01667  0.35 
 2.90284  0.997338  0.35 
 2.91454  0.983333  0.35 
 2.93524  0.95  0.35 
 2.93602  0.948892  0.35 
 2.9584  0.916667  0.35 
 2.96919  0.896208  0.35 
 2.97856  0.883333  0.35 
 2.99494  0.85  0.35 
 3.00237  0.832612  0.35 
 3.01204  0.816667  0.35 
 3.02239  0.783333  0.35 
 3.02195  0.75  0.35 
 3.01325  0.716667  0.35 
 3.00237  0.687175  0.35 
 3.0008  0.683333  0.35 
 2.98839  0.65  0.35 
 2.97809  0.616667  0.35 
 2.96919  0.594311  0.35 
 2.96442  0.583333  0.35 
 2.953  0.55  0.35 
 2.94266  0.516667  0.35 
 2.93602  0.498531  0.35 
 2.92995  0.483333  0.35 
 2.92113  0.45  0.35 
 2.9163  0.416667  0.35 
 2.91456  0.383333  0.35 
 2.91422  0.35  0.35 
 2.91436  0.316667  0.35 
 2.91461  0.283333  0.35 
 2.91487  0.25  0.35 
 2.91512  0.216667  0.35 
 2.91532  0.183333  0.35 
 2.91543  0.15  0.35 
 2.91551  0.116667  0.35 
 2.91549  0.0833333  0.35 
 2.91552  0.05  0.35 
 2.91538  0.0166667  0.35 

# Contour 11, label: 
 1.56384  2.98333  0.35 
 1.57583  2.97911  0.35 
 1.609  2.96256  0.35 
 1.62824  2.95  0.35 
 1.64218  2.9322  0.35 
 1.65337  2.91667  0.35 
 1.67497  2.88333  0.35 
 1.67536  2.88272  0.35 
 1.69674  2.85  0.35 
 1.70853  2.83482  0.35 
 1.72441  2.81667  0.35 
 1.74171  2.80238  0.35 
 1.77028  2.78333  0.35 
 1.77488  2.78073  0.35 
 1.80806  2.76002  0.35 
 1.82148  2.75  0.35 
 1.84123  2.73199  0.35 
 1.8564  2.71667  0.35 
 1.87441  2.69516  0.35 
 1.88344  2.68333  0.35 
 1.90542  2.65  0.35 
 1.90758  2.64641  0.35 
 1.92424  2.61667  0.35 
 1.94076  2.58539  0.35 
 1.94178  2.58333  0.35 
 1.95835  2.55  0.35 
 1.97393  2.51854  0.35 
 1.97484  2.51667  0.35 
 1.98993  2.48333  0.35 
 2.0027  2.45  0.35 
 2.00711  2.436  0.35 
 2.01278  2.41667  0.35 
 2.0213  2.38333  0.35 
 2.02962  2.35  0.35 
 2.03927  2.31667  0.35 
 2.04028  2.31389  0.35 
 2.05147  2.28333  0.35 
 2.06493  2.25  0.35 
 2.07346  2.22384  0.35 
 2.0753  2.21667  0.35 
 2.08086  2.18333  0.35 
 2.08376  2.15  0.35 
 2.08507  2.11667  0.35 
 2.08558  2.08333  0.35 
 2.08627  2.05  0.35 
 2.08768  2.01667  0.35 
 2.09048  1.98333  0.35 
 2.09509  1.95  0.35 
 2.1011  1.91667  0.35 
 2.10664  1.88823  0.35 
 2.10739  1.88333  0.35 
 2.11206  1.85  0.35 
 2.11604  1.81667  0.35 
 2.11926  1.78333  0.35 
 2.12212  1.75  0.35 
 2.12557  1.71667  0.35 
 2.13042  1.68333  0.35 
 2.13712  1.65  0.35 
 2.13981  1.64136  0.35 
 2.14595  1.61667  0.35 
 2.15345  1.58333  0.35 
 2.16516  1.55  0.35 
 2.17299  1.53609  0.35 
 2.18951  1.51667  0.35 
 2.20616  1.50064  0.35 
 2.21769  1.48333  0.35 
 2.23722  1.45  0.35 
 2.23934  1.44582  0.35 
 2.24899  1.41667  0.35 
 2.26044  1.38333  0.35 
 2.27251  1.35643  0.35 
 2.2757  1.35  0.35 
 2.29715  1.31667  0.35 
 2.30569  1.30656  0.35 
 2.32647  1.28333  0.35 
 2.33886  1.27154  0.35 
 2.35437  1.25  0.35 
 2.37204  1.22879  0.35 
 2.37993  1.21667  0.35 
 2.40521  1.18433  0.35 
 2.40592  1.18333  0.35 
 2.43242  1.15  0.35 
 2.43839  1.14467  0.35 
 2.47156  1.11853  0.35 
 2.47428  1.11667  0.35 
 2.50474  1.09967  0.35 
 2.53791  1.09087  0.35 
 2.57109  1.08779  0.35 
 2.60427  1.08734  0.35 
 2.63744  1.08936  0.35 
 2.67062  1.09573  0.35 
 2.70379  1.10453  0.35 
 2.73697  1.11419  0.35 
 2.77014  1.11195  0.35 
 2.80332  1.09881  0.35 
 2.82432  1.08333  0.35 
 2.83649  1.07391  0.35 
 2.8586  1.05  0.35 
 2.86967  1.03833  0.35 

# Contour 12, label: 
 0.426657  2.98333  0.35 
 0.428154  2.95  0.35 
 0.429451  2.91667  0.35 
 0.43108  2.88333  0.35 
 0.432757  2.85  0.35 
 0.434626  2.81667  0.35 
 0.436658  2.78333  0.35 
 0.438947  2.75  0.35 
 0.441596  2.71667  0.35 
 0.444711  2.68333  0.35 
 0.447867  2.65476  0.35 
 0.448414  2.65  0.35 
 0.452971  2.61667  0.35 
 0.458586  2.58333  0.35 
 0.465816  2.55  0.35 
 0.47572  2.51667  0.35 
 0.481043  2.50368  0.35 
 0.492695  2.48333  0.35 
 0.514218  2.46017  0.35 
 0.53835  2.45  0.35 
 0.547393  2.44721  0.35 
 0.580569  2.44815  0.35 
 0.58857  2.45  0.35 
 0.613744  2.45534  0.35 
 0.646919  2.47256  0.35 
 0.658599  2.48333  0.35 
 0.680095  2.50037  0.35 
 0.694472  2.51667  0.35 
 0.71327  2.53636  0.35 
 0.724723  2.55  0.35 
 0.746445  2.57739  0.35 
 0.751327  2.58333  0.35 
 0.776742  2.61667  0.35 
 0.779621  2.62041  0.35 
 0.803335  2.65  0.35 
 0.812796  2.66341  0.35 
 0.829038  2.68333  0.35 
 0.845972  2.70696  0.35 
 0.854368  2.71667  0.35 
 0.879147  2.74939  0.35 
 0.87972  2.75  0.35 
 0.908761  2.78333  0.35 
 0.912322  2.78791  0.35 
 0.939265  2.81667  0.35 
 0.945498  2.82403  0.35 
 0.971441  2.85  0.35 
 0.978673  2.8581  0.35 
 1.00423  2.88333  0.35 
 1.01185  2.89183  0.35 
 1.03389  2.91667  0.35 
 1.04502  2.93593  0.35 
 1.05266  2.95  0.35 
 1.0782  2.97709  0.35 
 1.08562  2.98333  0.35 


# Contour 13, label:      0.3
 2.53791  1.15014  0.3 
 2.53827  1.15  0.3 
 2.57109  1.13856  0.3 
 2.60427  1.13188  0.3 
 2.63744  1.13161  0.3 
 2.67062  1.13519  0.3 
 2.70379  1.13474  0.3 
 2.73697  1.13774  0.3 
 2.77014  1.13192  0.3 
 2.80332  1.11786  0.3 
 2.80511  1.11667  0.3 
 2.83649  1.09461  0.3 
 2.84926  1.08333  0.3 
 2.86967  1.06072  0.3 
 2.88045  1.05  0.3 
 2.90284  1.01934  0.3 
 2.90557  1.01667  0.3 
 2.93196  0.983333  0.3 
 2.93602  0.976733  0.3 
 2.95865  0.95  0.3 
 2.96919  0.928123  0.3 
 2.9788  0.916667  0.3 
 2.9979  0.883333  0.3 
 3.00237  0.87121  0.3 
 3.01688  0.85  0.3 
 3.02973  0.816667  0.3 
 3.03323  0.783333  0.3 
 3.03021  0.75  0.3 
 3.02043  0.716667  0.3 
 3.00896  0.683333  0.3 
 3.00237  0.669506  0.3 
 2.99495  0.65  0.3 
 2.98476  0.616667  0.3 
 2.97219  0.583333  0.3 
 2.96919  0.57723  0.3 
 2.95939  0.55  0.3 
 2.9496  0.516667  0.3 
 2.93786  0.483333  0.3 
 2.93602  0.47689  0.3 
 2.92926  0.45  0.3 
 2.92554  0.416667  0.3 
 2.92445  0.383333  0.3 
 2.92438  0.35  0.3 
 2.92462  0.316667  0.3 
 2.92491  0.283333  0.3 
 2.92518  0.25  0.3 
 2.92541  0.216667  0.3 
 2.92556  0.183333  0.3 
 2.92563  0.15  0.3 
 2.92568  0.116667  0.3 
 2.92562  0.0833333  0.3 
 2.92563  0.05  0.3 
 2.92544  0.0166667  0.3 

# Contour 14, label: 
 3.49473  2.98333  0.3 
 3.46682  2.97091  0.3 
 3.43365  2.95643  0.3 
 3.41971  2.95  0.3 
 3.40047  2.93784  0.3 
 3.372  2.91667  0.3 
 3.3673  2.91358  0.3 
 3.33412  2.88885  0.3 
 3.32724  2.88333  0.3 
 3.30095  2.86342  0.3 
 3.28313  2.85  0.3 
 3.26777  2.83968  0.3 
 3.2346  2.81717  0.3 
 3.23394  2.81667  0.3 
 3.20142  2.79552  0.3 
 3.18512  2.78333  0.3 
 3.16825  2.77205  0.3 
 3.1378  2.75  0.3 
 3.13507  2.74789  0.3 
 3.1019  2.7218  0.3 
 3.09552  2.71667  0.3 
 3.06872  2.692  0.3 
 3.06043  2.68333  0.3 
 3.03555  2.65374  0.3 
 3.03276  2.65  0.3 
 3.00995  2.61667  0.3 
 3.00237  2.60561  0.3 
 2.98737  2.58333  0.3 
 2.96919  2.56029  0.3 
 2.96116  2.55  0.3 
 2.93602  2.52581  0.3 
 2.92719  2.51667  0.3 
 2.90284  2.49671  0.3 
 2.88797  2.48333  0.3 
 2.86967  2.46853  0.3 
 2.84842  2.45  0.3 
 2.83649  2.43998  0.3 
 2.81223  2.41667  0.3 
 2.80332  2.40837  0.3 
 2.78022  2.38333  0.3 
 2.77014  2.37284  0.3 
 2.74974  2.35  0.3 
 2.73697  2.33708  0.3 
 2.71756  2.31667  0.3 
 2.70379  2.30421  0.3 
 2.68282  2.28333  0.3 
 2.67062  2.2731  0.3 
 2.64688  2.25  0.3 
 2.63744  2.24218  0.3 
 2.61009  2.21667  0.3 
 2.60427  2.21194  0.3 
 2.57338  2.18333  0.3 
 2.57109  2.18144  0.3 
 2.53878  2.15  0.3 
 2.53791  2.14922  0.3 
 2.50639  2.11667  0.3 
 2.50474  2.11507  0.3 
 2.47567  2.08333  0.3 
 2.47156  2.07908  0.3 
 2.44734  2.05  0.3 
 2.43839  2.03921  0.3 
 2.42207  2.01667  0.3 
 2.40521  1.99163  0.3 
 2.3999  1.98333  0.3 
 2.37862  1.95  0.3 
 2.37204  1.93866  0.3 
 2.35788  1.91667  0.3 
 2.33886  1.88882  0.3 
 2.33644  1.88333  0.3 
 2.32479  1.85  0.3 
 2.31354  1.81667  0.3 
 2.30569  1.7935  0.3 
 2.30267  1.78333  0.3 
 2.29514  1.75  0.3 
 2.30569  1.72501  0.3 
 2.30967  1.71667  0.3 
 2.30881  1.68333  0.3 
 2.31117  1.65  0.3 
 2.31301  1.61667  0.3 
 2.31594  1.58333  0.3 
 2.31849  1.55  0.3 
 2.32398  1.51667  0.3 
 2.33043  1.48333  0.3 
 2.33782  1.45  0.3 
 2.33886  1.44698  0.3 
 2.3481  1.41667  0.3 
 2.36174  1.38333  0.3 
 2.37204  1.36426  0.3 
 2.37876  1.35  0.3 
 2.39721  1.31667  0.3 
 2.40521  1.30434  0.3 
 2.4186  1.28333  0.3 
 2.43839  1.25313  0.3 
 2.44058  1.25  0.3 
 2.46386  1.21667  0.3 
 2.47156  1.20722  0.3 
 2.49143  1.18333  0.3 
 2.50474  1.17058  0.3 
 2.53791  1.15014  0.3 


# Contour 15, label:     0.25
 3.16825  1.24334  0.25 
 3.15926  1.21667  0.25 
 3.16825  1.19964  0.25 
 3.19197  1.21667  0.25 
 3.16825  1.24334  0.25 

# Contour 16, label: 
 3.6327  1.25292  0.25 
 3.62185  1.25  0.25 
 3.6327  1.24605  0.25 
 3.63843  1.25  0.25 
 3.6327  1.25292  0.25 

# Contour 17, label: 
 2.96919  1.89354  0.25 
 2.93602  1.90996  0.25 
 2.92098  1.91667  0.25 
 2.90284  1.92472  0.25 
 2.86967  1.93912  0.25 
 2.83649  1.94855  0.25 
 2.82778  1.95  0.25 
 2.80332  1.95444  0.25 
 2.77014  1.95685  0.25 
 2.73697  1.95676  0.25 
 2.70379  1.9533  0.25 

# Contour 18, label: 
 2.70379  1.9533  0.25 
 2.68931  1.95  0.25 
 2.67062  1.94661  0.25 
 2.63744  1.94019  0.25 
 2.60427  1.92926  0.25 
 2.58217  1.91667  0.25 
 2.57109  1.9104  0.25 
 2.53791  1.8887  0.25 
 2.53252  1.88333  0.25 
 2.50474  1.85865  0.25 
 2.49329  1.85  0.25 
 2.47382  1.81667  0.25 
 2.47156  1.81331  0.25 
 2.45548  1.78333  0.25 
 2.43839  1.75522  0.25 
 2.43592  1.75  0.25 
 2.42434  1.71667  0.25 
 2.41412  1.68333  0.25 
 2.40573  1.65  0.25 
 2.40521  1.6475  0.25 
 2.39933  1.61667  0.25 
 2.39372  1.58333  0.25 
 2.38987  1.55  0.25 
 2.38939  1.51667  0.25 
 2.39366  1.48333  0.25 
 2.40177  1.45  0.25 
 2.40521  1.43959  0.25 
 2.41114  1.41667  0.25 
 2.42331  1.38333  0.25 
 2.43839  1.35528  0.25 
 2.44133  1.35  0.25 
 2.46329  1.31667  0.25 
 2.47156  1.30543  0.25 
 2.48761  1.28333  0.25 
 2.50474  1.25993  0.25 
 2.51297  1.25  0.25 
 2.53791  1.2203  0.25 
 2.54224  1.21667  0.25 
 2.57109  1.19734  0.25 
 2.60427  1.18458  0.25 
 2.60822  1.18333  0.25 
 2.63744  1.17579  0.25 
 2.67062  1.17173  0.25 
 2.70379  1.1652  0.25 
 2.73697  1.16822  0.25 
 2.77014  1.15438  0.25 
 2.77238  1.15  0.25 
 2.80332  1.13815  0.25 
 2.83554  1.11667  0.25 
 2.83649  1.116  0.25 
 2.86967  1.09314  0.25 
 2.88324  1.08333  0.25 
 2.90284  1.06426  0.25 
 2.92381  1.05  0.25 
 2.93602  1.03875  0.25 
 2.96919  1.02517  0.25 
 3.00237  1.03078  0.25 
 3.0301  1.05  0.25 
 3.03555  1.05459  0.25 
 3.06803  1.08333  0.25 
 3.06872  1.0839  0.25 
 3.1019  1.11145  0.25 
 3.10776  1.11667  0.25 
 3.13507  1.1384  0.25 
 3.14802  1.15  0.25 
 3.16825  1.16332  0.25 
 3.18948  1.18333  0.25 
 3.20142  1.20249  0.25 
 3.2346  1.20796  0.25 
 3.24995  1.21667  0.25 
 3.2346  1.24423  0.25 
 3.2241  1.25  0.25 
 3.21885  1.28333  0.25 
 3.2097  1.31667  0.25 
 3.20142  1.33807  0.25 
 3.19736  1.35  0.25 
 3.18964  1.38333  0.25 
 3.18544  1.41667  0.25 
 3.18423  1.45  0.25 
 3.18441  1.48333  0.25 
 3.18398  1.51667  0.25 
 3.17885  1.55  0.25 
 3.17113  1.58333  0.25 
 3.16825  1.59832  0.25 
 3.16542  1.61667  0.25 
 3.15894  1.65  0.25 
 3.15053  1.68333  0.25 
 3.13686  1.71667  0.25 
 3.13507  1.71971  0.25 
 3.11759  1.75  0.25 
 3.1019  1.77196  0.25 
 3.09462  1.78333  0.25 
 3.06872  1.81573  0.25 
 3.06792  1.81667  0.25 
 3.03555  1.84696  0.25 
 3.03194  1.85  0.25 
 3.00237  1.87303  0.25 
 2.98613  1.88333  0.25 
 2.96919  1.89354  0.25 

# Contour 19, label: 
 3.8981  1.10665  0.25 
 3.86493  1.09377  0.25 
 3.84439  1.08333  0.25 
 3.83175  1.0801  0.25 
 3.79858  1.07066  0.25 
 3.7654  1.05619  0.25 
 3.75314  1.05  0.25 
 3.73223  1.0448  0.25 
 3.69905  1.03474  0.25 
 3.66588  1.01903  0.25 
 3.66126  1.01667  0.25 
 3.6327  1.00965  0.25 
 3.59953  0.998476  0.25 
 3.56951  0.983333  0.25 
 3.56635  0.982517  0.25 
 3.53318  0.974145  0.25 
 3.5  0.961838  0.25 
 3.47649  0.95  0.25 
 3.46682  0.947554  0.25 
 3.43365  0.93861  0.25 
 3.40047  0.925049  0.25 
 3.3839  0.916667  0.25 
 3.3673  0.912572  0.25 
 3.33412  0.903098  0.25 
 3.30095  0.888597  0.25 
 3.29042  0.883333  0.25 
 3.26777  0.877905  0.25 
 3.2346  0.86767  0.25 
 3.20142  0.85172  0.25 
 3.19786  0.85  0.25 
 3.16825  0.843408  0.25 
 3.13507  0.83376  0.25 
 3.1019  0.816985  0.25 
 3.10153  0.816667  0.25 
 3.06872  0.802034  0.25 
 3.06105  0.783333  0.25 
 3.04233  0.75  0.25 
 3.03555  0.74192  0.25 
 3.02761  0.716667  0.25 
 3.01717  0.683333  0.25 
 3.00237  0.652276  0.25 
 3.0015  0.65  0.25 
 2.99142  0.616667  0.25 
 2.98094  0.583333  0.25 
 2.96919  0.559477  0.25 
 2.96578  0.55  0.25 
 2.95655  0.516667  0.25 
 2.94709  0.483333  0.25 
 2.93806  0.45  0.25 
 2.93602  0.431439  0.25 
 2.93478  0.416667  0.25 
 2.93434  0.383333  0.25 
 2.93454  0.35  0.25 
 2.93489  0.316667  0.25 
 2.93521  0.283333  0.25 
 2.9355  0.25  0.25 
 2.9357  0.216667  0.25 
 2.93581  0.183333  0.25 
 2.93584  0.15  0.25 
 2.93585  0.116667  0.25 
 2.93576  0.0833333  0.25 
 2.93573  0.05  0.25 
 2.9355  0.0166667  0.25 

# Contour 20, label: 
 5.26064  2.98333  0.25 
 5.25972  2.95  0.25 
 5.25898  2.91667  0.25 
 5.25829  2.88866  0.25 
 5.25793  2.88333  0.25 
 5.25552  2.85  0.25 
 5.2531  2.81667  0.25 
 5.25063  2.78333  0.25 
 5.24812  2.75  0.25 
 5.24564  2.71667  0.25 
 5.24322  2.68333  0.25 
 5.24085  2.65  0.25 
 5.23852  2.61667  0.25 
 5.23627  2.58333  0.25 
 5.23415  2.55  0.25 
 5.23217  2.51667  0.25 
 5.23021  2.48333  0.25 
 5.22824  2.45  0.25 
 5.22636  2.41667  0.25 
 5.22512  2.39383  0.25 
 5.22358  2.38333  0.25 
 5.21862  2.35  0.25 
 5.21412  2.31667  0.25 
 5.21005  2.28333  0.25 
 5.20636  2.25  0.25 
 5.20305  2.21667  0.25 
 5.19997  2.18333  0.25 
 5.19725  2.15  0.25 
 5.19471  2.11667  0.25 
 5.19218  2.08333  0.25 
 5.19194  2.08011  0.25 
 5.18591  2.05  0.25 
 5.17989  2.01667  0.25 
 5.17464  1.98333  0.25 
 5.17007  1.95  0.25 
 5.16613  1.91667  0.25 
 5.16259  1.88333  0.25 
 5.15959  1.85  0.25 
 5.15877  1.84128  0.25 
 5.15274  1.81667  0.25 
 5.1463  1.78333  0.25 
 5.14109  1.75  0.25 
 5.13654  1.71667  0.25 
 5.13222  1.68333  0.25 
 5.12774  1.65  0.25 
 5.12559  1.63414  0.25 
 5.11901  1.61667  0.25 
 5.10752  1.58333  0.25 
 5.0987  1.55  0.25 
 5.09242  1.53071  0.25 
 5.08616  1.51667  0.25 
 5.05924  1.51134  0.25 
 5.02607  1.50463  0.25 
 4.99289  1.4953  0.25 
 4.98131  1.48333  0.25 
 4.95972  1.4723  0.25 
 4.92654  1.46554  0.25 
 4.89336  1.45989  0.25 
 4.86019  1.45447  0.25 
 4.84133  1.45  0.25 
 4.82701  1.44461  0.25 
 4.79384  1.43239  0.25 
 4.76501  1.41667  0.25 
 4.76066  1.4153  0.25 
 4.72749  1.40303  0.25 
 4.69431  1.38904  0.25 
 4.68307  1.38333  0.25 
 4.66114  1.37822  0.25 
 4.62796  1.37136  0.25 
 4.59479  1.35872  0.25 
 4.57796  1.35  0.25 
 4.56161  1.34639  0.25 
 4.52844  1.33738  0.25 
 4.49526  1.3232  0.25 
 4.48279  1.31667  0.25 
 4.46209  1.31088  0.25 
 4.42891  1.29937  0.25 
 4.39863  1.28333  0.25 
 4.39573  1.2825  0.25 
 4.36256  1.27383  0.25 
 4.32938  1.26233  0.25 
 4.30213  1.25  0.25 
 4.29621  1.24863  0.25 
 4.26303  1.24021  0.25 
 4.22986  1.22788  0.25 
 4.208  1.21667  0.25 
 4.19668  1.21375  0.25 
 4.16351  1.20404  0.25 
 4.13033  1.18962  0.25 
 4.11814  1.18333  0.25 
 4.09716  1.17782  0.25 
 4.06398  1.16702  0.25 
 4.03081  1.15088  0.25 
 4.02898  1.15  0.25 
 3.99763  1.1427  0.25 
 3.96445  1.13125  0.25 
 3.9359  1.11667  0.25 
 3.93128  1.11546  0.25 
 3.8981  1.10665  0.25 


# Contour 21, label:      0.2
 2.86967  1.78519  0.2 
 2.86264  1.78333  0.2 
 2.83649  1.76466  0.2 
 2.80332  1.77203  0.2 
 2.77014  1.77288  0.2 
 2.73697  1.76942  0.2 
 2.70379  1.76628  0.2 
 2.67062  1.76381  0.2 
 2.63744  1.75315  0.2 
 2.63216  1.75  0.2 
 2.60427  1.7375  0.2 
 2.57109  1.72381  0.2 
 2.56316  1.71667  0.2 
 2.53791  1.68621  0.2 
 2.53475  1.68333  0.2 
 2.51313  1.65  0.2 
 2.51934  1.61667  0.2 
 2.51029  1.58333  0.2 
 2.50509  1.55  0.2 
 2.50474  1.54391  0.2 
 2.50339  1.51667  0.2 
 2.50474  1.51141  0.2 
 2.51179  1.48333  0.2 
 2.5311  1.45  0.2 
 2.53791  1.43945  0.2 
 2.55145  1.41667  0.2 
 2.57109  1.3924  0.2 
 2.57849  1.38333  0.2 
 2.60427  1.36106  0.2 
 2.62254  1.35  0.2 
 2.63744  1.3406  0.2 
 2.67062  1.32854  0.2 
 2.70379  1.32077  0.2 
 2.72882  1.31667  0.2 
 2.73697  1.31552  0.2 
 2.73958  1.31667  0.2 
 2.77014  1.32866  0.2 
 2.80332  1.33521  0.2 
 2.83649  1.34429  0.2 
 2.85215  1.35  0.2 
 2.86967  1.35541  0.2 
 2.90284  1.37381  0.2 
 2.91249  1.38333  0.2 
 2.93602  1.41118  0.2 
 2.93977  1.41667  0.2 
 2.96517  1.45  0.2 
 2.96919  1.45528  0.2 
 2.98624  1.48333  0.2 
 3.00215  1.51667  0.2 
 3.00237  1.51795  0.2 
 3.00779  1.55  0.2 
 3.00237  1.57127  0.2 
 2.96919  1.57626  0.2 
 2.96125  1.58333  0.2 
 2.96919  1.5985  0.2 
 2.98445  1.61667  0.2 
 2.97702  1.65  0.2 
 2.96919  1.66278  0.2 
 2.93602  1.67761  0.2 
 2.92792  1.68333  0.2 
 2.93246  1.71667  0.2 
 2.90981  1.75  0.2 
 2.90284  1.75695  0.2 
 2.87208  1.78333  0.2 
 2.86967  1.78519  0.2 

# Contour 22, label: 
 3.93128  1.0773  0.2 
 3.8981  1.06688  0.2 
 3.86493  1.05329  0.2 
 3.8578  1.05  0.2 
 3.83175  1.04147  0.2 
 3.79858  1.03061  0.2 
 3.76686  1.01667  0.2 
 3.7654  1.01612  0.2 
 3.73223  1.00572  0.2 
 3.69905  0.994212  0.2 
 3.67484  0.983333  0.2 
 3.66588  0.980101  0.2 
 3.6327  0.969844  0.2 
 3.59953  0.957411  0.2 
 3.58325  0.95  0.2 
 3.56635  0.944211  0.2 
 3.53318  0.933836  0.2 
 3.5  0.92035  0.2 
 3.49201  0.916667  0.2 
 3.46682  0.908414  0.2 
 3.43365  0.89758  0.2 
 3.40137  0.883333  0.2 
 3.40047  0.88299  0.2 
 3.3673  0.872597  0.2 
 3.33412  0.861119  0.2 
 3.30932  0.85  0.2 
 3.30095  0.846994  0.2 
 3.26777  0.836779  0.2 
 3.2346  0.824347  0.2 
 3.21771  0.816667  0.2 
 3.20142  0.811134  0.2 
 3.16825  0.801027  0.2 
 3.13507  0.788253  0.2 
 3.12454  0.783333  0.2 
 3.1019  0.775803  0.2 
 3.06872  0.761025  0.2 
 3.06149  0.75  0.2 
 3.03555  0.719098  0.2 
 3.03479  0.716667  0.2 
 3.02539  0.683333  0.2 
 3.0135  0.65  0.2 
 3.00237  0.630866  0.2 
 2.99808  0.616667  0.2 
 2.98968  0.583333  0.2 
 2.97606  0.55  0.2 
 2.96919  0.537919  0.2 
 2.96349  0.516667  0.2 
 2.95632  0.483333  0.2 
 2.95018  0.45  0.2 
 2.94768  0.416667  0.2 
 2.94736  0.383333  0.2 
 2.94762  0.35  0.2 
 2.94797  0.316667  0.2 
 2.94827  0.283333  0.2 
 2.94853  0.25  0.2 
 2.94871  0.216667  0.2 
 2.9488  0.183333  0.2 
 2.94882  0.15  0.2 
 2.94882  0.116667  0.2 
 2.94873  0.0833333  0.2 
 2.9487  0.05  0.2 
 2.94848  0.0166667  0.2 

# Contour 23, label: 
 5.28515  2.98333  0.2 
 5.28401  2.95  0.2 
 5.28287  2.91667  0.2 
 5.28161  2.88333  0.2 
 5.28026  2.85  0.2 
 5.27884  2.81667  0.2 
 5.27737  2.78333  0.2 
 5.27584  2.75  0.2 
 5.27425  2.71667  0.2 
 5.27261  2.68333  0.2 
 5.2709  2.65  0.2 
 5.26914  2.61667  0.2 
 5.26731  2.58333  0.2 
 5.26533  2.55  0.2 
 5.26317  2.51667  0.2 
 5.26077  2.48333  0.2 
 5.25829  2.45255  0.2 
 5.258  2.45  0.2 
 5.25424  2.41667  0.2 
 5.25067  2.38333  0.2 
 5.24734  2.35  0.2 
 5.24425  2.31667  0.2 
 5.24134  2.28333  0.2 
 5.23851  2.25  0.2 
 5.2357  2.21667  0.2 
 5.23285  2.18333  0.2 
 5.22976  2.15  0.2 
 5.22632  2.11667  0.2 
 5.22512  2.10645  0.2 
 5.22151  2.08333  0.2 
 5.21665  2.05  0.2 
 5.21231  2.01667  0.2 
 5.20838  1.98333  0.2 
 5.20469  1.95  0.2 
 5.20105  1.91667  0.2 
 5.19728  1.88333  0.2 
 5.19302  1.85  0.2 
 5.19194  1.84267  0.2 
 5.18679  1.81667  0.2 
 5.181  1.78333  0.2 
 5.17615  1.75  0.2 
 5.17193  1.71667  0.2 
 5.16787  1.68333  0.2 
 5.16355  1.65  0.2 
 5.15877  1.61926  0.2 
 5.15813  1.61667  0.2 
 5.14977  1.58333  0.2 
 5.14252  1.55  0.2 
 5.13448  1.51667  0.2 
 5.12559  1.51083  0.2 
 5.09242  1.50095  0.2 
 5.05924  1.49154  0.2 
 5.03661  1.48333  0.2 
 5.02607  1.47924  0.2 
 4.99289  1.46825  0.2 
 4.95972  1.45286  0.2 
 4.953  1.45  0.2 
 4.92654  1.43894  0.2 
 4.89336  1.42931  0.2 
 4.86512  1.41667  0.2 
 4.86019  1.4148  0.2 
 4.82701  1.4054  0.2 
 4.79384  1.39341  0.2 
 4.77194  1.38333  0.2 
 4.76066  1.37937  0.2 
 4.72749  1.36887  0.2 
 4.69431  1.35607  0.2 
 4.68105  1.35  0.2 
 4.66114  1.34301  0.2 
 4.62796  1.33266  0.2 
 4.59479  1.31892  0.2 
 4.58984  1.31667  0.2 
 4.56161  1.30777  0.2 
 4.52844  1.29728  0.2 
 4.49632  1.28333  0.2 
 4.49526  1.28293  0.2 
 4.46209  1.27258  0.2 
 4.42891  1.26087  0.2 
 4.40509  1.25  0.2 
 4.39573  1.24656  0.2 
 4.36256  1.23607  0.2 
 4.32938  1.2236  0.2 
 4.31397  1.21667  0.2 
 4.29621  1.2106  0.2 
 4.26303  1.20034  0.2 
 4.22986  1.18682  0.2 
 4.22227  1.18333  0.2 
 4.19668  1.17501  0.2 
 4.16351  1.16423  0.2 
 4.13121  1.15  0.2 
 4.13033  1.14967  0.2 
 4.09716  1.13912  0.2 
 4.06398  1.12745  0.2 
 4.04005  1.11667  0.2 
 4.03081  1.1133  0.2 
 3.99763  1.10298  0.2 
 3.96445  1.09043  0.2 
 3.94891  1.08333  0.2 
 3.93128  1.0773  0.2 


# Contour 24, label:     0.15
 3.96445  1.06354  0.15 
 3.93128  1.05354  0.15 
 3.92164  1.05  0.15 
 3.8981  1.03869  0.15 
 3.86493  1.02781  0.15 
 3.83175  1.01748  0.15 
 3.82964  1.01667  0.15 
 3.79858  1.0023  0.15 
 3.7654  0.992114  0.15 
 3.73861  0.983333  0.15 
 3.73223  0.980021  0.15 
 3.69905  0.966286  0.15 
 3.66588  0.956336  0.15 
 3.64766  0.95  0.15 
 3.6327  0.94249  0.15 
 3.59953  0.930399  0.15 
 3.56635  0.920419  0.15 
 3.55613  0.916667  0.15 
 3.53318  0.905586  0.15 
 3.5  0.894635  0.15 
 3.46682  0.884293  0.15 
 3.46434  0.883333  0.15 
 3.43365  0.869099  0.15 
 3.40047  0.858843  0.15 
 3.37363  0.85  0.15 
 3.3673  0.846708  0.15 
 3.33412  0.832979  0.15 
 3.30095  0.823008  0.15 
 3.28283  0.816667  0.15 
 3.26777  0.809118  0.15 
 3.2346  0.797046  0.15 
 3.20142  0.787046  0.15 
 3.19124  0.783333  0.15 
 3.16825  0.77236  0.15 
 3.13507  0.761637  0.15 
 3.1019  0.751103  0.15 
 3.09968  0.75  0.15 
 3.06872  0.732457  0.15 
 3.05593  0.716667  0.15 
 3.03555  0.690334  0.15 
 3.0336  0.683333  0.15 
 3.02633  0.65  0.15 
 3.01177  0.616667  0.15 
 3.00237  0.601985  0.15 
 2.99842  0.583333  0.15 
 2.99081  0.55  0.15 
 2.97466  0.516667  0.15 
 2.96919  0.50622  0.15 
 2.96555  0.483333  0.15 
 2.96229  0.45  0.15 
 2.96113  0.416667  0.15 
 2.96103  0.383333  0.15 
 2.96119  0.35  0.15 
 2.96139  0.316667  0.15 
 2.96157  0.283333  0.15 
 2.96171  0.25  0.15 
 2.9618  0.216667  0.15 
 2.96184  0.183333  0.15 
 2.96184  0.15  0.15 
 2.96184  0.116667  0.15 
 2.96178  0.0833333  0.15 
 2.96175  0.05  0.15 
 2.96162  0.0166667  0.15 

# Contour 25, label: 
 5.30925  2.98333  0.15 
 5.30849  2.95  0.15 
 5.30761  2.91667  0.15 
 5.30656  2.88333  0.15 
 5.30532  2.85  0.15 
 5.30387  2.81667  0.15 
 5.30217  2.78333  0.15 
 5.30017  2.75  0.15 
 5.29782  2.71667  0.15 
 5.29503  2.68333  0.15 
 5.2917  2.65  0.15 
 5.29147  2.6479  0.15 
 5.28969  2.61667  0.15 
 5.28781  2.58333  0.15 
 5.28592  2.55  0.15 
 5.28402  2.51667  0.15 
 5.28211  2.48333  0.15 
 5.28017  2.45  0.15 
 5.27806  2.41667  0.15 
 5.27574  2.38333  0.15 
 5.27306  2.35  0.15 
 5.2699  2.31667  0.15 
 5.26609  2.28333  0.15 
 5.26138  2.25  0.15 
 5.25829  2.23142  0.15 
 5.25687  2.21667  0.15 
 5.2539  2.18333  0.15 
 5.25104  2.15  0.15 
 5.24825  2.11667  0.15 
 5.24542  2.08333  0.15 
 5.24228  2.05  0.15 
 5.23858  2.01667  0.15 
 5.234  1.98333  0.15 
 5.22813  1.95  0.15 
 5.22512  1.93566  0.15 
 5.22277  1.91667  0.15 
 5.21899  1.88333  0.15 
 5.21535  1.85  0.15 
 5.2117  1.81667  0.15 
 5.20758  1.78333  0.15 
 5.20255  1.75  0.15 
 5.1961  1.71667  0.15 
 5.19194  1.6988  0.15 
 5.18975  1.68333  0.15 
 5.18551  1.65  0.15 
 5.18132  1.61667  0.15 
 5.17683  1.58333  0.15 
 5.17114  1.55  0.15 
 5.16226  1.51667  0.15 
 5.15877  1.51405  0.15 
 5.12559  1.49351  0.15 
 5.09242  1.48418  0.15 
 5.08977  1.48333  0.15 
 5.05924  1.46843  0.15 
 5.02607  1.45802  0.15 
 5.00269  1.45  0.15 
 4.99289  1.4446  0.15 
 4.95972  1.43057  0.15 
 4.92654  1.41988  0.15 
 4.91843  1.41667  0.15 
 4.89336  1.40284  0.15 
 4.86019  1.3924  0.15 
 4.8336  1.38333  0.15 
 4.82701  1.3797  0.15 
 4.79384  1.36605  0.15 
 4.76066  1.35615  0.15 
 4.74286  1.35  0.15 
 4.72749  1.34234  0.15 
 4.69431  1.3304  0.15 
 4.66114  1.32067  0.15 
 4.65014  1.31667  0.15 
 4.62796  1.30563  0.15 
 4.59479  1.29458  0.15 
 4.56161  1.28442  0.15 
 4.55876  1.28333  0.15 
 4.52844  1.26917  0.15 
 4.49526  1.25898  0.15 
 4.46799  1.25  0.15 
 4.46209  1.24692  0.15 
 4.42891  1.23314  0.15 
 4.39573  1.22314  0.15 
 4.37705  1.21667  0.15 
 4.36256  1.20933  0.15 
 4.32938  1.19705  0.15 
 4.29621  1.18709  0.15 
 4.28595  1.18333  0.15 
 4.26303  1.17223  0.15 
 4.22986  1.16131  0.15 
 4.19668  1.15103  0.15 
 4.194  1.15  0.15 
 4.16351  1.13589  0.15 
 4.13033  1.12563  0.15 
 4.10301  1.11667  0.15 
 4.09716  1.11362  0.15 
 4.06398  1.0997  0.15 
 4.03081  1.08967  0.15 
 4.01281  1.08333  0.15 
 3.99763  1.07561  0.15 
 3.96445  1.06354  0.15 

