
# Surface 0 of 1 surfaces

# Curve title: ""./data/MGFM-CLSVOF-TSTM-MUSCL-211-90-417-prims.dat" u 1:2:7"

# Contour 0, label:     0.65
 2.86967  0.607005  0.65 
 2.84764  0.583333  0.65 
 2.83649  0.574337  0.65 
 2.82482  0.55  0.65 
 2.80955  0.516667  0.65 
 2.8105  0.483333  0.65 
 2.83649  0.470016  0.65 
 2.86859  0.483333  0.65 
 2.86967  0.484119  0.65 
 2.87944  0.516667  0.65 
 2.88461  0.55  0.65 
 2.882  0.583333  0.65 
 2.86967  0.607005  0.65 


# Contour 1, label:      0.6
 2.86967  0.830808  0.6 
 2.84903  0.816667  0.6 
 2.83649  0.804578  0.6 
 2.8131  0.783333  0.6 
 2.80332  0.770403  0.6 
 2.79149  0.75  0.6 
 2.78322  0.716667  0.6 
 2.77014  0.693665  0.6 
 2.76304  0.683333  0.6 
 2.7468  0.65  0.6 
 2.73697  0.624815  0.6 
 2.73373  0.616667  0.6 
 2.71811  0.583333  0.6 
 2.70379  0.55914  0.6 
 2.69856  0.55  0.6 
 2.68527  0.516667  0.6 
 2.67776  0.483333  0.6 
 2.68145  0.45  0.6 
 2.70379  0.417583  0.6 
 2.70458  0.416667  0.6 
 2.73697  0.405038  0.6 
 2.77014  0.401827  0.6 
 2.80332  0.406013  0.6 
 2.83649  0.416055  0.6 
 2.83731  0.416667  0.6 
 2.86967  0.439146  0.6 
 2.87655  0.45  0.6 
 2.89807  0.483333  0.6 
 2.90284  0.492117  0.6 
 2.90879  0.516667  0.6 
 2.91819  0.55  0.6 
 2.93232  0.583333  0.6 
 2.93602  0.591756  0.6 
 2.9409  0.616667  0.6 
 2.94945  0.65  0.6 
 2.96285  0.683333  0.6 
 2.96919  0.697374  0.6 
 2.97247  0.716667  0.6 
 2.97319  0.75  0.6 
 2.96919  0.762061  0.6 
 2.95156  0.783333  0.6 
 2.93602  0.804785  0.6 
 2.91735  0.816667  0.6 
 2.90284  0.828338  0.6 
 2.86967  0.830808  0.6 


# Contour 2, label:     0.55
 2.80332  0.898663  0.55 
 2.7834  0.883333  0.55 
 2.77014  0.872871  0.55 
 2.73697  0.852633  0.55 
 2.73278  0.85  0.55 
 2.70379  0.827673  0.55 
 2.68864  0.816667  0.55 
 2.67147  0.783333  0.55 
 2.67062  0.782033  0.55 
 2.64374  0.75  0.55 
 2.63744  0.740557  0.55 
 2.62118  0.716667  0.55 
 2.60427  0.687087  0.55 
 2.60205  0.683333  0.55 
 2.58361  0.65  0.55 
 2.57109  0.628364  0.55 
 2.56395  0.616667  0.55 
 2.54202  0.583333  0.55 
 2.53791  0.576663  0.55 
 2.52043  0.55  0.55 
 2.50474  0.518564  0.55 
 2.50375  0.516667  0.55 
 2.49229  0.483333  0.55 
 2.48579  0.45  0.55 
 2.48814  0.416667  0.55 
 2.50189  0.383333  0.55 
 2.50474  0.380469  0.55 
 2.53791  0.354076  0.55 
 2.54529  0.35  0.55 
 2.57109  0.343263  0.55 
 2.60427  0.338619  0.55 
 2.63744  0.337366  0.55 
 2.67062  0.33829  0.55 
 2.70379  0.340802  0.55 
 2.73697  0.346467  0.55 
 2.74808  0.35  0.55 
 2.77014  0.355279  0.55 
 2.80332  0.364782  0.55 
 2.83649  0.382136  0.55 
 2.83756  0.383333  0.55 
 2.86967  0.407441  0.55 
 2.87443  0.416667  0.55 
 2.89626  0.45  0.55 
 2.90284  0.459537  0.55 
 2.91033  0.483333  0.55 
 2.92154  0.516667  0.55 
 2.93602  0.546805  0.55 
 2.9369  0.55  0.55 
 2.94498  0.583333  0.55 
 2.95636  0.616667  0.55 
 2.96919  0.643181  0.55 
 2.97091  0.65  0.55 
 2.97877  0.683333  0.55 
 2.98802  0.716667  0.55 
 2.98987  0.75  0.55 
 2.97721  0.783333  0.55 
 2.96919  0.799796  0.55 
 2.95502  0.816667  0.55 
 2.93602  0.84912  0.55 
 2.93503  0.85  0.55 
 2.90481  0.883333  0.55 
 2.90284  0.886052  0.55 
 2.86967  0.907499  0.55 
 2.83649  0.913422  0.55 
 2.80332  0.898663  0.55 


# Contour 3, label:      0.5
 2.83046  0.15  0.5 
 2.83649  0.132199  0.5 
 2.83754  0.116667  0.5 
 2.83954  0.0833333  0.5 
 2.84093  0.05  0.5 
 2.84232  0.0166667  0.5 

# Contour 4, label: 
 2.65036  0.0166667  0.5 
 2.67062  0.0400427  0.5 
 2.67687  0.05  0.5 
 2.69212  0.0833333  0.5 
 2.70379  0.111409  0.5 
 2.70568  0.116667  0.5 
 2.71283  0.15  0.5 
 2.71575  0.183333  0.5 
 2.70473  0.216667  0.5 
 2.70379  0.217206  0.5 
 2.67062  0.226028  0.5 
 2.63744  0.228459  0.5 
 2.60427  0.229871  0.5 
 2.57109  0.231521  0.5 
 2.53791  0.232997  0.5 
 2.50474  0.235024  0.5 
 2.47156  0.2387  0.5 
 2.43839  0.245166  0.5 
 2.42026  0.25  0.5 
 2.40521  0.25243  0.5 
 2.37204  0.260562  0.5 
 2.33886  0.274225  0.5 
 2.32388  0.283333  0.5 
 2.30569  0.296816  0.5 
 2.28682  0.316667  0.5 
 2.27251  0.348193  0.5 
 2.27178  0.35  0.5 
 2.26546  0.383333  0.5 
 2.26323  0.416667  0.5 
 2.26487  0.45  0.5 
 2.26954  0.483333  0.5 
 2.27251  0.497268  0.5 
 2.27645  0.516667  0.5 
 2.28868  0.55  0.5 
 2.30569  0.578257  0.5 
 2.30897  0.583333  0.5 
 2.33547  0.616667  0.5 
 2.33886  0.620823  0.5 
 2.36221  0.65  0.5 
 2.37204  0.662044  0.5 
 2.38862  0.683333  0.5 
 2.40521  0.702661  0.5 
 2.41656  0.716667  0.5 
 2.43839  0.739342  0.5 
 2.44815  0.75  0.5 
 2.47156  0.77077  0.5 
 2.4846  0.783333  0.5 
 2.50474  0.799395  0.5 
 2.52471  0.816667  0.5 
 2.53791  0.826734  0.5 
 2.5623  0.85  0.5 
 2.57109  0.856106  0.5 
 2.60427  0.876838  0.5 
 2.61431  0.883333  0.5 
 2.63744  0.896957  0.5 
 2.67062  0.912847  0.5 
 2.67837  0.916667  0.5 
 2.70379  0.927441  0.5 
 2.73697  0.945106  0.5 
 2.74397  0.95  0.5 
 2.77014  0.968406  0.5 
 2.80332  0.980912  0.5 
 2.83649  0.974786  0.5 
 2.86967  0.954253  0.5 
 2.87323  0.95  0.5 
 2.90284  0.920922  0.5 
 2.90573  0.916667  0.5 
 2.93136  0.883333  0.5 
 2.93602  0.878266  0.5 
 2.95232  0.85  0.5 
 2.96919  0.826239  0.5 
 2.97416  0.816667  0.5 
 2.99109  0.783333  0.5 
 3.00237  0.75787  0.5 
 3.00461  0.75  0.5 
 3.00294  0.716667  0.5 
 3.00237  0.714468  0.5 
 2.9901  0.683333  0.5 
 2.97898  0.65  0.5 
 2.97029  0.616667  0.5 
 2.96919  0.613101  0.5 
 2.95501  0.583333  0.5 
 2.94417  0.55  0.5 
 2.93602  0.520278  0.5 
 2.93428  0.516667  0.5 
 2.91932  0.483333  0.5 
 2.90802  0.45  0.5 
 2.90284  0.433185  0.5 
 2.8916  0.416667  0.5 
 2.87526  0.383333  0.5 
 2.86967  0.363576  0.5 
 2.85802  0.35  0.5 
 2.84211  0.316667  0.5 
 2.83649  0.291625  0.5 
 2.82943  0.283333  0.5 
 2.8184  0.25  0.5 
 2.81699  0.216667  0.5 
 2.82146  0.183333  0.5 
 2.83046  0.15  0.5 

# Contour 5, label: 
 0.0165877  0.160287  0.5 
 0.0252067  0.15  0.5 
 0.049763  0.123092  0.5 
 0.0573836  0.116667  0.5 
 0.0829384  0.0957866  0.5 
 0.0945499  0.0833333  0.5 
 0.116114  0.0608686  0.5 
 0.125719  0.05  0.5 
 0.149289  0.0299487  0.5 
 0.163238  0.0166667  0.5 


# Contour 6, label:     0.45
 2.37204  0.897378  0.45 
 2.40521  0.905185  0.45 
 2.43839  0.914744  0.45 
 2.44391  0.916667  0.45 
 2.47156  0.924555  0.45 
 2.50474  0.934864  0.45 
 2.53791  0.946209  0.45 
 2.54824  0.95  0.45 
 2.57109  0.955538  0.45 
 2.60427  0.961935  0.45 
 2.63744  0.969656  0.45 
 2.67062  0.980634  0.45 
 2.67649  0.983333  0.45 
 2.70379  0.99508  0.45 
 2.73697  1.01664  0.45 
 2.77014  1.0317  0.45 
 2.80332  1.03071  0.45 
 2.83338  1.01667  0.45 
 2.83649  1.01529  0.45 
 2.86967  0.985154  0.45 
 2.8711  0.983333  0.45 
 2.89967  0.95  0.45 
 2.90284  0.946886  0.45 
 2.92337  0.916667  0.45 
 2.93602  0.901163  0.45 
 2.94712  0.883333  0.45 
 2.96898  0.85  0.45 
 2.96919  0.849704  0.45 
 2.98633  0.816667  0.45 
 3.00237  0.787482  0.45 
 3.0045  0.783333  0.45 
 3.01352  0.75  0.45 
 3.01044  0.716667  0.45 
 3.00237  0.685737  0.45 
 3.00142  0.683333  0.45 
 2.98704  0.65  0.45 
 2.97681  0.616667  0.45 
 2.96919  0.592052  0.45 
 2.96504  0.583333  0.45 
 2.95145  0.55  0.45 
 2.94148  0.516667  0.45 
 2.93602  0.499947  0.45 
 2.9283  0.483333  0.45 
 2.91579  0.45  0.45 
 2.90579  0.416667  0.45 
 2.90284  0.400453  0.45 
 2.89546  0.383333  0.45 
 2.88877  0.35  0.45 
 2.88624  0.316667  0.45 
 2.88576  0.283333  0.45 
 2.88601  0.25  0.45 
 2.88652  0.216667  0.45 
 2.88719  0.183333  0.45 
 2.88785  0.15  0.45 
 2.88838  0.116667  0.45 
 2.88879  0.0833333  0.45 
 2.88907  0.05  0.45 
 2.88932  0.0166667  0.45 

# Contour 7, label: 
 0.0165877  1.67179  0.45 
 0.0205856  1.65  0.45 
 0.0270973  1.61667  0.45 
 0.0341064  1.58333  0.45 
 0.0416175  1.55  0.45 
 0.0496425  1.51667  0.45 
 0.049763  1.51618  0.45 
 0.0638725  1.48333  0.45 
 0.0790079  1.45  0.45 
 0.0829384  1.44159  0.45 
 0.0961312  1.41667  0.45 
 0.114465  1.38333  0.45 
 0.116114  1.38038  0.45 
 0.135298  1.35  0.45 
 0.149289  1.32841  0.45 
 0.157919  1.31667  0.45 
 0.182464  1.28383  0.45 
 0.182891  1.28333  0.45 
 0.211396  1.25  0.45 
 0.21564  1.24507  0.45 
 0.243734  1.21667  0.45 
 0.248815  1.21154  0.45 
 0.280866  1.18333  0.45 
 0.281991  1.18234  0.45 
 0.315166  1.15646  0.45 
 0.324255  1.15  0.45 
 0.348341  1.13282  0.45 
 0.372354  1.11667  0.45 
 0.381517  1.1105  0.45 
 0.414692  1.08861  0.45 
 0.42267  1.08333  0.45 
 0.447867  1.06672  0.45 
 0.473767  1.05  0.45 
 0.481043  1.0453  0.45 
 0.514218  1.02526  0.45 
 0.530507  1.01667  0.45 
 0.547393  1.00764  0.45 
 0.580569  0.992822  0.45 
 0.608857  0.983333  0.45 
 0.613744  0.981655  0.45 
 0.646919  0.972062  0.45 
 0.680095  0.966411  0.45 
 0.71327  0.962424  0.45 
 0.746445  0.95669  0.45 
 0.770751  0.95  0.45 
 0.779621  0.947603  0.45 
 0.812796  0.935521  0.45 
 0.845972  0.921648  0.45 
 0.857726  0.916667  0.45 
 0.879147  0.90756  0.45 
 0.912322  0.89703  0.45 
 0.945498  0.890871  0.45 
 0.978673  0.888433  0.45 
 1.01185  0.8882  0.45 
 1.04502  0.890035  0.45 
 1.0782  0.892941  0.45 
 1.11137  0.89347  0.45 
 1.14455  0.891933  0.45 
 1.17773  0.888548  0.45 
 1.2109  0.88478  0.45 
 1.2344  0.883333  0.45 
 1.24408  0.882735  0.45 
 1.27725  0.882183  0.45 
 1.31043  0.88245  0.45 
 1.3436  0.883272  0.45 
 1.37678  0.8827  0.45 
 1.40995  0.879791  0.45 
 1.44313  0.87454  0.45 
 1.4763  0.867438  0.45 
 1.50948  0.860577  0.45 
 1.54265  0.85646  0.45 
 1.57583  0.855312  0.45 
 1.609  0.855855  0.45 
 1.64218  0.857867  0.45 
 1.67536  0.861234  0.45 
 1.70853  0.863988  0.45 
 1.74171  0.865177  0.45 
 1.77488  0.865389  0.45 
 1.80806  0.864938  0.45 
 1.84123  0.864522  0.45 
 1.87441  0.864645  0.45 
 1.90758  0.865135  0.45 
 1.94076  0.866078  0.45 
 1.97393  0.867516  0.45 
 2.00711  0.868882  0.45 
 2.04028  0.869359  0.45 
 2.07346  0.870186  0.45 
 2.10664  0.861056  0.45 
 2.13863  0.883333  0.45 
 2.13981  0.88388  0.45 
 2.14304  0.883333  0.45 
 2.17299  0.87609  0.45 
 2.20616  0.877959  0.45 
 2.23934  0.878313  0.45 
 2.27251  0.879927  0.45 
 2.29578  0.883333  0.45 
 2.30569  0.884454  0.45 
 2.33886  0.890665  0.45 
 2.37204  0.897378  0.45 


# Contour 8, label:      0.4
 1.84123  1.5047  0.4 
 1.86173  1.48333  0.4 
 1.87441  1.47058  0.4 
 1.88926  1.45  0.4 
 1.90758  1.42685  0.4 
 1.91458  1.41667  0.4 
 1.94059  1.38333  0.4 
 1.94076  1.38313  0.4 
 1.96775  1.35  0.4 
 1.97393  1.34317  0.4 
 2.00097  1.31667  0.4 
 2.00711  1.31111  0.4 
 2.03691  1.28333  0.4 
 2.04028  1.2804  0.4 
 2.06499  1.25  0.4 
 2.07346  1.24015  0.4 
 2.10664  1.23083  0.4 
 2.13962  1.21667  0.4 
 2.13981  1.21658  0.4 
 2.17299  1.1903  0.4 
 2.17829  1.18333  0.4 
 2.20616  1.15387  0.4 
 2.20997  1.15  0.4 
 2.23934  1.12091  0.4 
 2.24599  1.11667  0.4 
 2.27251  1.09966  0.4 
 2.30195  1.08333  0.4 
 2.30569  1.08136  0.4 
 2.33886  1.06354  0.4 
 2.36566  1.05  0.4 
 2.37204  1.04746  0.4 
 2.40521  1.03378  0.4 
 2.43839  1.02413  0.4 
 2.47156  1.02031  0.4 
 2.50474  1.01967  0.4 
 2.53791  1.01852  0.4 
 2.57109  1.01861  0.4 
 2.60427  1.02027  0.4 
 2.63744  1.02434  0.4 
 2.67062  1.03277  0.4 
 2.70379  1.04723  0.4 
 2.70817  1.05  0.4 
 2.73697  1.06443  0.4 
 2.77014  1.06879  0.4 
 2.80332  1.06251  0.4 
 2.82359  1.05  0.4 
 2.83649  1.0415  0.4 
 2.86003  1.01667  0.4 
 2.86967  1.00775  0.4 
 2.88889  0.983333  0.4 
 2.90284  0.967625  0.4 
 2.91598  0.95  0.4 
 2.93602  0.922472  0.4 
 2.94039  0.916667  0.4 
 2.96057  0.883333  0.4 
 2.96919  0.870222  0.4 
 2.98227  0.85  0.4 
 2.99851  0.816667  0.4 
 3.00237  0.809642  0.4 
 3.01591  0.783333  0.4 
 3.02244  0.75  0.4 
 3.01793  0.716667  0.4 
 3.00847  0.683333  0.4 
 3.00237  0.666518  0.4 
 2.99511  0.65  0.4 
 2.98333  0.616667  0.4 
 2.97299  0.583333  0.4 
 2.96919  0.573681  0.4 
 2.95873  0.55  0.4 
 2.9478  0.516667  0.4 
 2.93698  0.483333  0.4 
 2.93602  0.480628  0.4 
 2.92356  0.45  0.4 
 2.91431  0.416667  0.4 
 2.90898  0.383333  0.4 
 2.90699  0.35  0.4 
 2.90654  0.316667  0.4 
 2.90665  0.283333  0.4 
 2.90689  0.25  0.4 
 2.90718  0.216667  0.4 
 2.90748  0.183333  0.4 
 2.90774  0.15  0.4 
 2.90792  0.116667  0.4 
 2.90806  0.0833333  0.4 
 2.90815  0.05  0.4 
 2.90823  0.0166667  0.4 

# Contour 9, label: 
 0.145588  2.98333  0.4 
 0.146552  2.95  0.4 
 0.147359  2.91667  0.4 
 0.148355  2.88333  0.4 
 0.149289  2.85228  0.4 
 0.149359  2.85  0.4 
 0.150442  2.81667  0.4 
 0.151554  2.78333  0.4 
 0.152701  2.75  0.4 
 0.153916  2.71667  0.4 
 0.155238  2.68333  0.4 
 0.156681  2.65  0.4 
 0.158253  2.61667  0.4 
 0.159969  2.58333  0.4 
 0.161846  2.55  0.4 
 0.163919  2.51667  0.4 
 0.166218  2.48333  0.4 
 0.168792  2.45  0.4 
 0.171681  2.41667  0.4 
 0.174949  2.38333  0.4 
 0.178667  2.35  0.4 
 0.182464  2.32029  0.4 
 0.182951  2.31667  0.4 
 0.188104  2.28333  0.4 
 0.194203  2.25  0.4 
 0.201506  2.21667  0.4 
 0.210309  2.18333  0.4 
 0.21564  2.16625  0.4 
 0.221547  2.15  0.4 
 0.236055  2.11667  0.4 
 0.248815  2.09202  0.4 
 0.254437  2.08333  0.4 
 0.279022  2.05  0.4 
 0.281991  2.04634  0.4 
 0.313329  2.01667  0.4 
 0.315166  2.01502  0.4 
 0.348341  1.99245  0.4 
 0.367337  1.98333  0.4 
 0.381517  1.97655  0.4 
 0.414692  1.96572  0.4 
 0.447867  1.9589  0.4 
 0.481043  1.95477  0.4 
 0.514218  1.95222  0.4 
 0.547393  1.95007  0.4 
 0.54847  1.95  0.4 
 0.580569  1.94769  0.4 
 0.613744  1.9456  0.4 
 0.646919  1.94451  0.4 
 0.680095  1.94512  0.4 
 0.71327  1.94762  0.4 
 0.727391  1.95  0.4 
 0.746445  1.9532  0.4 
 0.779621  1.95926  0.4 
 0.812796  1.96358  0.4 
 0.845972  1.96536  0.4 
 0.879147  1.96042  0.4 
 0.897202  1.95  0.4 
 0.912322  1.94067  0.4 
 0.945498  1.92489  0.4 
 0.978673  1.91908  0.4 
 1.01185  1.91916  0.4 
 1.04502  1.92118  0.4 
 1.0782  1.92343  0.4 
 1.11137  1.92314  0.4 
 1.13954  1.91667  0.4 
 1.14455  1.91534  0.4 
 1.17773  1.8926  0.4 
 1.19031  1.88333  0.4 
 1.2109  1.87034  0.4 
 1.24408  1.85703  0.4 
 1.26819  1.85  0.4 
 1.27725  1.84744  0.4 
 1.31043  1.83825  0.4 
 1.3436  1.82459  0.4 
 1.35352  1.81667  0.4 
 1.37678  1.79407  0.4 
 1.38524  1.78333  0.4 
 1.40995  1.75454  0.4 
 1.41602  1.75  0.4 
 1.44313  1.73293  0.4 
 1.4763  1.72257  0.4 
 1.50948  1.71708  0.4 
 1.51256  1.71667  0.4 
 1.54265  1.71275  0.4 
 1.57583  1.70519  0.4 
 1.609  1.68588  0.4 
 1.61124  1.68333  0.4 
 1.63773  1.65  0.4 
 1.64218  1.64422  0.4 
 1.6607  1.61667  0.4 
 1.67536  1.59778  0.4 
 1.69093  1.58333  0.4 
 1.70853  1.56875  0.4 
 1.74171  1.5505  0.4 
 1.74307  1.55  0.4 
 1.77488  1.53869  0.4 
 1.80806  1.52568  0.4 
 1.82257  1.51667  0.4 
 1.84123  1.5047  0.4 


# Contour 10, label:     0.35
 2.80709  1.08333  0.35 
 2.83649  1.06284  0.35 
 2.84939  1.05  0.35 
 2.86967  1.02883  0.35 
 2.88047  1.01667  0.35 
 2.90284  0.988227  0.35 
 2.90728  0.983333  0.35 
 2.93091  0.95  0.35 
 2.93602  0.942983  0.35 
 2.95584  0.916667  0.35 
 2.96919  0.89313  0.35 
 2.97693  0.883333  0.35 
 2.99552  0.85  0.35 
 3.00237  0.835636  0.35 
 3.01498  0.816667  0.35 
 3.02731  0.783333  0.35 
 3.03135  0.75  0.35 
 3.02543  0.716667  0.35 
 3.01513  0.683333  0.35 
 3.00314  0.65  0.35 
 3.00237  0.648354  0.35 
 2.98985  0.616667  0.35 
 2.97948  0.583333  0.35 
 2.96919  0.557203  0.35 
 2.96601  0.55  0.35 
 2.95412  0.516667  0.35 
 2.94379  0.483333  0.35 
 2.93602  0.461524  0.35 
 2.93133  0.45  0.35 
 2.92283  0.416667  0.35 
 2.91865  0.383333  0.35 
 2.91728  0.35  0.35 
 2.91711  0.316667  0.35 
 2.91733  0.283333  0.35 
 2.91763  0.25  0.35 
 2.91795  0.216667  0.35 
 2.91825  0.183333  0.35 
 2.91849  0.15  0.35 
 2.91866  0.116667  0.35 
 2.91878  0.0833333  0.35 
 2.91887  0.05  0.35 
 2.91893  0.0166667  0.35 

# Contour 11, label: 
 1.52546  2.98333  0.35 
 1.54265  2.97726  0.35 
 1.57583  2.96125  0.35 
 1.59423  2.95  0.35 
 1.609  2.93363  0.35 
 1.62362  2.91667  0.35 
 1.64218  2.8943  0.35 
 1.65156  2.88333  0.35 
 1.67536  2.85793  0.35 
 1.68322  2.85  0.35 
 1.70853  2.82905  0.35 
 1.72405  2.81667  0.35 
 1.74171  2.80367  0.35 
 1.76657  2.78333  0.35 
 1.77488  2.77507  0.35 
 1.79787  2.75  0.35 
 1.80806  2.73673  0.35 
 1.82251  2.71667  0.35 
 1.84123  2.68775  0.35 
 1.84392  2.68333  0.35 
 1.86428  2.65  0.35 
 1.87441  2.63464  0.35 
 1.88628  2.61667  0.35 
 1.90758  2.58797  0.35 
 1.91091  2.58333  0.35 
 1.93221  2.55  0.35 
 1.94076  2.53207  0.35 
 1.94752  2.51667  0.35 
 1.95812  2.48333  0.35 
 1.96621  2.45  0.35 
 1.97363  2.41667  0.35 
 1.97393  2.41548  0.35 
 1.98264  2.38333  0.35 
 1.99784  2.35  0.35 
 2.00711  2.33623  0.35 
 2.0189  2.31667  0.35 
 2.0342  2.28333  0.35 
 2.04028  2.26077  0.35 
 2.04267  2.25  0.35 
 2.04727  2.21667  0.35 
 2.05048  2.18333  0.35 
 2.0534  2.15  0.35 
 2.05666  2.11667  0.35 
 2.06119  2.08333  0.35 
 2.06785  2.05  0.35 
 2.07346  2.02861  0.35 
 2.07636  2.01667  0.35 
 2.08432  1.98333  0.35 
 2.08994  1.95  0.35 
 2.09354  1.91667  0.35 
 2.09594  1.88333  0.35 
 2.0976  1.85  0.35 
 2.09937  1.81667  0.35 
 2.10178  1.78333  0.35 
 2.10545  1.75  0.35 
 2.10664  1.74297  0.35 
 2.11079  1.71667  0.35 
 2.11787  1.68333  0.35 
 2.12672  1.65  0.35 
 2.13835  1.61667  0.35 
 2.13981  1.61296  0.35 
 2.14755  1.58333  0.35 
 2.15682  1.55  0.35 
 2.17299  1.53048  0.35 
 2.18433  1.51667  0.35 
 2.19784  1.48333  0.35 
 2.20616  1.46566  0.35 
 2.21202  1.45  0.35 
 2.22769  1.41667  0.35 
 2.23934  1.39516  0.35 
 2.24691  1.38333  0.35 
 2.27251  1.3561  0.35 
 2.27604  1.35  0.35 
 2.29765  1.31667  0.35 
 2.30569  1.30626  0.35 
 2.31723  1.28333  0.35 
 2.33869  1.25  0.35 
 2.33886  1.24976  0.35 
 2.35903  1.21667  0.35 
 2.37204  1.19683  0.35 
 2.38247  1.18333  0.35 
 2.40521  1.15559  0.35 
 2.41033  1.15  0.35 
 2.43839  1.12701  0.35 
 2.45121  1.11667  0.35 
 2.47156  1.10435  0.35 
 2.50474  1.08727  0.35 
 2.51472  1.08333  0.35 
 2.53791  1.07579  0.35 
 2.57109  1.06921  0.35 
 2.60427  1.06631  0.35 
 2.63744  1.06775  0.35 
 2.67062  1.07476  0.35 
 2.69205  1.08333  0.35 
 2.70379  1.0877  0.35 
 2.73697  1.09791  0.35 
 2.77014  1.09314  0.35 
 2.80332  1.08571  0.35 
 2.80709  1.08333  0.35 

# Contour 12, label: 
 0.426749  2.98333  0.35 
 0.428192  2.95  0.35 
 0.429443  2.91667  0.35 
 0.430992  2.88333  0.35 
 0.432576  2.85  0.35 
 0.434315  2.81667  0.35 
 0.436188  2.78333  0.35 
 0.438281  2.75  0.35 
 0.440691  2.71667  0.35 
 0.44352  2.68333  0.35 
 0.446878  2.65  0.35 
 0.447867  2.64173  0.35 
 0.451008  2.61667  0.35 
 0.4562  2.58333  0.35 
 0.463045  2.55  0.35 
 0.47277  2.51667  0.35 
 0.481043  2.49735  0.35 
 0.489798  2.48333  0.35 
 0.514218  2.45995  0.35 
 0.545636  2.45  0.35 
 0.547393  2.44958  0.35 
 0.554185  2.45  0.35 
 0.580569  2.4515  0.35 
 0.613744  2.45934  0.35 
 0.646919  2.47658  0.35 
 0.654199  2.48333  0.35 
 0.680095  2.50419  0.35 
 0.691335  2.51667  0.35 
 0.71327  2.53976  0.35 
 0.722027  2.55  0.35 
 0.746445  2.58043  0.35 
 0.748853  2.58333  0.35 
 0.775398  2.61667  0.35 
 0.779621  2.62212  0.35 
 0.802159  2.65  0.35 
 0.812796  2.66477  0.35 
 0.828015  2.68333  0.35 
 0.845972  2.70797  0.35 
 0.853533  2.71667  0.35 
 0.879071  2.75  0.35 
 0.879147  2.7501  0.35 
 0.908476  2.78333  0.35 
 0.912322  2.78821  0.35 
 0.939057  2.81667  0.35 
 0.945498  2.82422  0.35 
 0.971306  2.85  0.35 
 0.978673  2.85814  0.35 
 1.00434  2.88333  0.35 
 1.01185  2.89154  0.35 
 1.03499  2.91667  0.35 
 1.04502  2.93264  0.35 
 1.05503  2.95  0.35 
 1.0782  2.9744  0.35 
 1.08853  2.98333  0.35 


# Contour 13, label:      0.3
 2.60427  1.10839  0.3 
 2.63744  1.10866  0.3 
 2.67062  1.11355  0.3 
 2.67959  1.11667  0.3 
 2.70379  1.12282  0.3 
 2.73697  1.12366  0.3 
 2.75595  1.11667  0.3 
 2.77014  1.11183  0.3 
 2.80332  1.10307  0.3 
 2.83458  1.08333  0.3 
 2.83649  1.082  0.3 
 2.86864  1.05  0.3 
 2.86967  1.04893  0.3 
 2.89832  1.01667  0.3 
 2.90284  1.01092  0.3 
 2.92788  0.983333  0.3 
 2.93602  0.970825  0.3 
 2.95505  0.95  0.3 
 2.96919  0.923903  0.3 
 2.97595  0.916667  0.3 
 2.99842  0.883333  0.3 
 3.00237  0.874154  0.3 
 3.02079  0.85  0.3 
 3.03345  0.816667  0.3 
 3.03555  0.806957  0.3 
 3.04459  0.783333  0.3 
 3.04439  0.75  0.3 
 3.03555  0.729943  0.3 
 3.03293  0.716667  0.3 
 3.02179  0.683333  0.3 
 3.01086  0.65  0.3 
 3.00237  0.631866  0.3 
 2.99636  0.616667  0.3 
 2.98597  0.583333  0.3 
 2.9739  0.55  0.3 
 2.96919  0.540372  0.3 
 2.96043  0.516667  0.3 
 2.95059  0.483333  0.3 
 2.93956  0.45  0.3 
 2.93602  0.435984  0.3 
 2.93136  0.416667  0.3 
 2.92832  0.383333  0.3 
 2.92758  0.35  0.3 
 2.92767  0.316667  0.3 
 2.92801  0.283333  0.3 
 2.92838  0.25  0.3 
 2.92873  0.216667  0.3 
 2.92903  0.183333  0.3 
 2.92925  0.15  0.3 
 2.9294  0.116667  0.3 
 2.92951  0.0833333  0.3 
 2.92958  0.05  0.3 
 2.92963  0.0166667  0.3 

# Contour 14, label: 
 3.36422  2.98333  0.3 
 3.33412  2.96528  0.3 
 3.31171  2.95  0.3 
 3.30095  2.93956  0.3 
 3.27779  2.91667  0.3 
 3.26777  2.90739  0.3 
 3.24198  2.88333  0.3 
 3.2346  2.87733  0.3 
 3.20281  2.85  0.3 
 3.20142  2.84901  0.3 
 3.16825  2.82296  0.3 
 3.16061  2.81667  0.3 
 3.13507  2.79754  0.3 
 3.11674  2.78333  0.3 
 3.1019  2.77015  0.3 
 3.08088  2.75  0.3 
 3.06872  2.73612  0.3 
 3.05415  2.71667  0.3 
 3.03555  2.68752  0.3 
 3.03322  2.68333  0.3 
 3.016  2.65  0.3 
 3.00237  2.62514  0.3 
 2.99788  2.61667  0.3 
 2.97513  2.58333  0.3 
 2.96919  2.57709  0.3 
 2.9434  2.55  0.3 
 2.93602  2.54393  0.3 
 2.90587  2.51667  0.3 
 2.90284  2.51416  0.3 
 2.86976  2.48333  0.3 
 2.86967  2.48325  0.3 
 2.83649  2.45065  0.3 
 2.8359  2.45  0.3 
 2.80498  2.41667  0.3 
 2.80332  2.41498  0.3 
 2.77622  2.38333  0.3 
 2.77014  2.37692  0.3 
 2.7462  2.35  0.3 
 2.73697  2.34103  0.3 
 2.7129  2.31667  0.3 
 2.70379  2.30882  0.3 
 2.67759  2.28333  0.3 
 2.67062  2.27748  0.3 
 2.64197  2.25  0.3 
 2.63744  2.24612  0.3 
 2.60639  2.21667  0.3 
 2.60427  2.21486  0.3 
 2.57126  2.18333  0.3 
 2.57109  2.18318  0.3 
 2.53875  2.15  0.3 
 2.53791  2.14918  0.3 
 2.50863  2.11667  0.3 
 2.50474  2.11261  0.3 
 2.47993  2.08333  0.3 
 2.47156  2.07404  0.3 
 2.45253  2.05  0.3 
 2.43839  2.03284  0.3 
 2.4265  2.01667  0.3 
 2.40521  1.98811  0.3 
 2.40198  1.98333  0.3 
 2.37848  1.95  0.3 
 2.37204  1.94107  0.3 
 2.35755  1.91667  0.3 
 2.34053  1.88333  0.3 
 2.33886  1.87942  0.3 
 2.32758  1.85  0.3 
 2.31522  1.81667  0.3 
 2.30569  1.78814  0.3 
 2.30412  1.78333  0.3 
 2.29283  1.75  0.3 
 2.30569  1.72081  0.3 
 2.3081  1.71667  0.3 
 2.30886  1.68333  0.3 
 2.31131  1.65  0.3 
 2.31279  1.61667  0.3 
 2.3132  1.58333  0.3 
 2.31471  1.55  0.3 
 2.3193  1.51667  0.3 
 2.32775  1.48333  0.3 
 2.33614  1.45  0.3 
 2.33886  1.44185  0.3 
 2.34563  1.41667  0.3 
 2.3562  1.38333  0.3 
 2.3691  1.35  0.3 
 2.37204  1.34433  0.3 
 2.38782  1.31667  0.3 
 2.40521  1.29212  0.3 
 2.4115  1.28333  0.3 
 2.43775  1.25  0.3 
 2.43839  1.2492  0.3 
 2.45985  1.21667  0.3 
 2.47156  1.20053  0.3 
 2.48242  1.18333  0.3 
 2.50474  1.15842  0.3 
 2.51343  1.15  0.3 
 2.53791  1.13113  0.3 
 2.56716  1.11667  0.3 
 2.57109  1.11519  0.3 
 2.60427  1.10839  0.3 


# Contour 15, label:     0.25
 2.93602  1.91805  0.25 
 2.90284  1.93381  0.25 
 2.86967  1.94538  0.25 
 2.85178  1.95  0.25 
 2.83649  1.954  0.25 
 2.80332  1.95921  0.25 
 2.77014  1.96056  0.25 
 2.73697  1.95854  0.25 
 2.70379  1.95288  0.25 

# Contour 16, label: 
 2.70379  1.95288  0.25 
 2.69533  1.95  0.25 
 2.67062  1.94293  0.25 
 2.63744  1.93155  0.25 
 2.60427  1.92041  0.25 
 2.5969  1.91667  0.25 
 2.57109  1.90534  0.25 
 2.53791  1.88494  0.25 
 2.53561  1.88333  0.25 
 2.50474  1.86641  0.25 
 2.48116  1.85  0.25 
 2.48668  1.81667  0.25 
 2.47156  1.7922  0.25 
 2.46728  1.78333  0.25 
 2.44587  1.75  0.25 
 2.43839  1.73553  0.25 
 2.42968  1.71667  0.25 
 2.41575  1.68333  0.25 
 2.40608  1.65  0.25 
 2.40521  1.64619  0.25 
 2.39929  1.61667  0.25 
 2.39378  1.58333  0.25 
 2.3898  1.55  0.25 
 2.38896  1.51667  0.25 
 2.39237  1.48333  0.25 
 2.4005  1.45  0.25 
 2.40521  1.43188  0.25 
 2.40843  1.41667  0.25 
 2.41892  1.38333  0.25 
 2.43692  1.35  0.25 
 2.43839  1.34782  0.25 
 2.45719  1.31667  0.25 
 2.47156  1.29718  0.25 
 2.48135  1.28333  0.25 
 2.50392  1.25  0.25 
 2.50474  1.2486  0.25 
 2.52514  1.21667  0.25 
 2.53791  1.19894  0.25 
 2.55291  1.18333  0.25 
 2.57109  1.16995  0.25 
 2.60427  1.16064  0.25 
 2.63744  1.15729  0.25 
 2.67062  1.15283  0.25 
 2.70379  1.15149  0.25 
 2.70707  1.15  0.25 
 2.73697  1.14385  0.25 
 2.77014  1.13805  0.25 
 2.80332  1.12842  0.25 
 2.81564  1.11667  0.25 
 2.83649  1.10725  0.25 
 2.86686  1.08333  0.25 
 2.86967  1.08055  0.25 
 2.90284  1.05063  0.25 
 2.90405  1.05  0.25 
 2.93602  1.02928  0.25 
 2.96919  1.01856  0.25 
 3.00237  1.02843  0.25 
 3.02633  1.05  0.25 
 3.03555  1.05953  0.25 
 3.0613  1.08333  0.25 
 3.06872  1.08984  0.25 
 3.10085  1.11667  0.25 
 3.1019  1.11764  0.25 
 3.13507  1.14469  0.25 
 3.14179  1.15  0.25 
 3.16825  1.15878  0.25 
 3.19144  1.18333  0.25 
 3.20142  1.2069  0.25 
 3.22058  1.21667  0.25 
 3.20455  1.25  0.25 
 3.20855  1.28333  0.25 
 3.21495  1.31667  0.25 
 3.2221  1.35  0.25 
 3.22361  1.38333  0.25 
 3.21969  1.41667  0.25 
 3.21377  1.45  0.25 
 3.21053  1.48333  0.25 
 3.20716  1.51667  0.25 
 3.20267  1.55  0.25 
 3.20142  1.55835  0.25 
 3.19813  1.58333  0.25 
 3.19096  1.61667  0.25 
 3.18042  1.65  0.25 
 3.16825  1.68029  0.25 
 3.16714  1.68333  0.25 
 3.15195  1.71667  0.25 
 3.13507  1.74726  0.25 
 3.13357  1.75  0.25 
 3.1113  1.78333  0.25 
 3.1019  1.79461  0.25 
 3.08126  1.81667  0.25 
 3.06872  1.82778  0.25 
 3.04216  1.85  0.25 
 3.03555  1.85494  0.25 
 3.00237  1.87829  0.25 
 2.99506  1.88333  0.25 
 2.96919  1.89943  0.25 
 2.93868  1.91667  0.25 
 2.93602  1.91805  0.25 

# Contour 17, label: 
 3.8981  1.08313  0.25 
 3.86493  1.07442  0.25 
 3.83175  1.06212  0.25 
 3.80794  1.05  0.25 
 3.79858  1.04743  0.25 
 3.7654  1.03792  0.25 
 3.73223  1.02397  0.25 
 3.71801  1.01667  0.25 
 3.69905  1.01159  0.25 
 3.66588  1.00107  0.25 
 3.6327  0.985033  0.25 
 3.62939  0.983333  0.25 
 3.59953  0.975556  0.25 
 3.56635  0.963902  0.25 
 3.53893  0.95  0.25 
 3.53318  0.948419  0.25 
 3.5  0.93935  0.25 
 3.46682  0.926256  0.25 
 3.44802  0.916667  0.25 
 3.43365  0.912817  0.25 
 3.40047  0.902955  0.25 
 3.3673  0.888137  0.25 
 3.35788  0.883333  0.25 
 3.33412  0.877175  0.25 
 3.30095  0.86642  0.25 
 3.2684  0.85  0.25 
 3.26777  0.849826  0.25 
 3.2346  0.841352  0.25 
 3.20142  0.829603  0.25 
 3.17455  0.816667  0.25 
 3.16825  0.815068  0.25 
 3.13507  0.807002  0.25 
 3.1019  0.793151  0.25 
 3.09147  0.783333  0.25 
 3.06872  0.771236  0.25 
 3.0611  0.75  0.25 
 3.044  0.716667  0.25 
 3.03555  0.704048  0.25 
 3.02845  0.683333  0.25 
 3.01858  0.65  0.25 
 3.0033  0.616667  0.25 
 3.00237  0.615044  0.25 
 2.99246  0.583333  0.25 
 2.98226  0.55  0.25 
 2.96919  0.523267  0.25 
 2.96675  0.516667  0.25 
 2.95739  0.483333  0.25 
 2.94847  0.45  0.25 
 2.94113  0.416667  0.25 
 2.93851  0.383333  0.25 
 2.93824  0.35  0.25 
 2.9386  0.316667  0.25 
 2.93906  0.283333  0.25 
 2.93949  0.25  0.25 
 2.93987  0.216667  0.25 
 2.94017  0.183333  0.25 
 2.94038  0.15  0.25 
 2.94052  0.116667  0.25 
 2.94061  0.0833333  0.25 
 2.94067  0.05  0.25 
 2.94071  0.0166667  0.25 

# Contour 18, label: 
 5.25685  2.98333  0.25 
 5.25431  2.95  0.25 
 5.25237  2.91667  0.25 
 5.25029  2.88333  0.25 
 5.24809  2.85  0.25 
 5.24582  2.81667  0.25 
 5.24355  2.78333  0.25 
 5.2413  2.75  0.25 
 5.23905  2.71667  0.25 
 5.2368  2.68333  0.25 
 5.23461  2.65  0.25 
 5.23254  2.61667  0.25 
 5.23058  2.58333  0.25 
 5.22858  2.55  0.25 
 5.22661  2.51667  0.25 
 5.22512  2.49007  0.25 
 5.22408  2.48333  0.25 
 5.21909  2.45  0.25 
 5.21442  2.41667  0.25 
 5.21019  2.38333  0.25 
 5.20628  2.35  0.25 
 5.20277  2.31667  0.25 
 5.19955  2.28333  0.25 
 5.19656  2.25  0.25 
 5.19395  2.21667  0.25 
 5.19194  2.19167  0.25 
 5.19011  2.18333  0.25 
 5.18337  2.15  0.25 
 5.17762  2.11667  0.25 
 5.17259  2.08333  0.25 
 5.16817  2.05  0.25 
 5.16439  2.01667  0.25 
 5.16094  1.98333  0.25 
 5.15877  1.95954  0.25 
 5.15641  1.95  0.25 
 5.14811  1.91667  0.25 
 5.14162  1.88333  0.25 
 5.13612  1.85  0.25 
 5.13146  1.81667  0.25 
 5.12747  1.78333  0.25 
 5.12559  1.76636  0.25 
 5.12081  1.75  0.25 
 5.11172  1.71667  0.25 
 5.1047  1.68333  0.25 
 5.09891  1.65  0.25 
 5.09422  1.61667  0.25 
 5.09242  1.60388  0.25 
 5.08523  1.58333  0.25 
 5.07523  1.55  0.25 
 5.06665  1.51667  0.25 
 5.05924  1.51427  0.25 
 5.02607  1.50694  0.25 
 4.99289  1.49627  0.25 
 4.98116  1.48333  0.25 
 4.95972  1.47372  0.25 
 4.92654  1.46391  0.25 
 4.89716  1.45  0.25 
 4.89336  1.44899  0.25 
 4.86019  1.44156  0.25 
 4.82701  1.43009  0.25 
 4.80065  1.41667  0.25 
 4.79384  1.4149  0.25 
 4.76066  1.40622  0.25 
 4.72749  1.39318  0.25 
 4.70838  1.38333  0.25 
 4.69431  1.37959  0.25 
 4.66114  1.3698  0.25 
 4.62796  1.3552  0.25 
 4.61791  1.35  0.25 
 4.59479  1.34399  0.25 
 4.56161  1.33326  0.25 
 4.52869  1.31667  0.25 
 4.52844  1.3166  0.25 
 4.49526  1.30804  0.25 
 4.46209  1.296  0.25 
 4.43713  1.28333  0.25 
 4.42891  1.2811  0.25 
 4.39573  1.27186  0.25 
 4.36256  1.25837  0.25 
 4.34632  1.25  0.25 
 4.32938  1.24545  0.25 
 4.29621  1.23521  0.25 
 4.26303  1.21977  0.25 
 4.25702  1.21667  0.25 
 4.22986  1.20956  0.25 
 4.19668  1.19818  0.25 
 4.16737  1.18333  0.25 
 4.16351  1.18226  0.25 
 4.13033  1.17324  0.25 
 4.09716  1.16034  0.25 
 4.07689  1.15  0.25 
 4.06398  1.14649  0.25 
 4.03081  1.1366  0.25 
 3.99763  1.12194  0.25 
 3.98735  1.11667  0.25 
 3.96445  1.11059  0.25 
 3.93128  1.09964  0.25 
 3.89881  1.08333  0.25 
 3.8981  1.08313  0.25 


# Contour 19, label:      0.2
 2.80332  1.79392  0.2 
 2.79099  1.78333  0.2 
 2.77014  1.77543  0.2 
 2.73697  1.77053  0.2 
 2.70379  1.76386  0.2 
 2.67062  1.75623  0.2 
 2.65335  1.75  0.2 
 2.63744  1.74454  0.2 
 2.60427  1.72718  0.2 
 2.59034  1.71667  0.2 
 2.57109  1.70441  0.2 
 2.53791  1.68374  0.2 
 2.53747  1.68333  0.2 
 2.50703  1.65  0.2 
 2.50474  1.64412  0.2 
 2.49725  1.61667  0.2 
 2.49164  1.58333  0.2 
 2.49998  1.55  0.2 
 2.50323  1.51667  0.2 
 2.50474  1.5071  0.2 
 2.50816  1.48333  0.2 
 2.5212  1.45  0.2 
 2.53313  1.41667  0.2 
 2.53791  1.40847  0.2 
 2.55159  1.38333  0.2 
 2.57109  1.3586  0.2 
 2.57821  1.35  0.2 
 2.60427  1.32294  0.2 
 2.61193  1.31667  0.2 
 2.63744  1.29815  0.2 
 2.67062  1.28914  0.2 
 2.70379  1.28821  0.2 
 2.73697  1.28884  0.2 
 2.77014  1.29084  0.2 
 2.80332  1.29719  0.2 
 2.83649  1.30322  0.2 
 2.86967  1.31641  0.2 
 2.8701  1.31667  0.2 
 2.90284  1.33594  0.2 
 2.91774  1.35  0.2 
 2.93602  1.36794  0.2 
 2.94785  1.38333  0.2 
 2.96919  1.41181  0.2 
 2.97189  1.41667  0.2 
 2.98661  1.45  0.2 
 2.9964  1.48333  0.2 
 3.00237  1.51359  0.2 
 3.00303  1.51667  0.2 
 3.00237  1.53619  0.2 
 3.00184  1.55  0.2 
 2.99512  1.58333  0.2 
 2.9866  1.61667  0.2 
 2.96952  1.65  0.2 
 2.96919  1.6506  0.2 
 2.95161  1.68333  0.2 
 2.93602  1.70789  0.2 
 2.92862  1.71667  0.2 
 2.90284  1.7453  0.2 
 2.89754  1.75  0.2 
 2.86967  1.77139  0.2 
 2.85393  1.78333  0.2 
 2.83649  1.79283  0.2 
 2.80332  1.79392  0.2 

# Contour 20, label: 
 3.93128  1.06628  0.2 
 3.8981  1.05241  0.2 
 3.89297  1.05  0.2 
 3.86493  1.04038  0.2 
 3.83175  1.02917  0.2 
 3.80386  1.01667  0.2 
 3.79858  1.01458  0.2 
 3.7654  1.00382  0.2 
 3.73223  0.991615  0.2 
 3.71419  0.983333  0.2 
 3.69905  0.97774  0.2 
 3.66588  0.967097  0.2 
 3.6327  0.953554  0.2 
 3.6251  0.95  0.2 
 3.59953  0.941146  0.2 
 3.56635  0.930094  0.2 
 3.53621  0.916667  0.2 
 3.53318  0.915456  0.2 
 3.5  0.904627  0.2 
 3.46682  0.8927  0.2 
 3.44631  0.883333  0.2 
 3.43365  0.878611  0.2 
 3.40047  0.868035  0.2 
 3.3673  0.854874  0.2 
 3.3568  0.85  0.2 
 3.33412  0.842091  0.2 
 3.30095  0.831248  0.2 
 3.26794  0.816667  0.2 
 3.26777  0.816598  0.2 
 3.2346  0.805681  0.2 
 3.20142  0.794141  0.2 
 3.177  0.783333  0.2 
 3.16825  0.780095  0.2 
 3.13507  0.769865  0.2 
 3.1019  0.756693  0.2 
 3.0923  0.75  0.2 
 3.06872  0.737456  0.2 
 3.057  0.716667  0.2 
 3.03555  0.68463  0.2 
 3.03511  0.683333  0.2 
 3.0263  0.65  0.2 
 3.01524  0.616667  0.2 
 3.00237  0.594283  0.2 
 2.99895  0.583333  0.2 
 2.99062  0.55  0.2 
 2.97775  0.516667  0.2 
 2.96919  0.50148  0.2 
 2.9642  0.483333  0.2 
 2.95738  0.45  0.2 
 2.9524  0.416667  0.2 
 2.95072  0.383333  0.2 
 2.95059  0.35  0.2 
 2.95086  0.316667  0.2 
 2.9512  0.283333  0.2 
 2.95151  0.25  0.2 
 2.95178  0.216667  0.2 
 2.95199  0.183333  0.2 
 2.95213  0.15  0.2 
 2.95223  0.116667  0.2 
 2.95229  0.0833333  0.2 
 2.95233  0.05  0.2 
 2.95236  0.0166667  0.2 

# Contour 21, label: 
 5.2808  2.98333  0.2 
 5.27968  2.95  0.2 
 5.27858  2.91667  0.2 
 5.27737  2.88333  0.2 
 5.27606  2.85  0.2 
 5.27464  2.81667  0.2 
 5.27315  2.78333  0.2 
 5.27156  2.75  0.2 
 5.26989  2.71667  0.2 
 5.26815  2.68333  0.2 
 5.26628  2.65  0.2 
 5.26425  2.61667  0.2 
 5.26199  2.58333  0.2 
 5.25943  2.55  0.2 
 5.25829  2.53663  0.2 
 5.256  2.51667  0.2 
 5.25225  2.48333  0.2 
 5.24873  2.45  0.2 
 5.24545  2.41667  0.2 
 5.24239  2.38333  0.2 
 5.23946  2.35  0.2 
 5.23655  2.31667  0.2 
 5.23361  2.28333  0.2 
 5.23048  2.25  0.2 
 5.22697  2.21667  0.2 
 5.22512  2.20123  0.2 
 5.22212  2.18333  0.2 
 5.21688  2.15  0.2 
 5.21225  2.11667  0.2 
 5.2081  2.08333  0.2 
 5.20426  2.05  0.2 
 5.20046  2.01667  0.2 
 5.1965  1.98333  0.2 
 5.19197  1.95  0.2 
 5.19194  1.94981  0.2 
 5.18512  1.91667  0.2 
 5.17923  1.88333  0.2 
 5.17416  1.85  0.2 
 5.16954  1.81667  0.2 
 5.16494  1.78333  0.2 
 5.15984  1.75  0.2 
 5.15877  1.74409  0.2 
 5.15202  1.71667  0.2 
 5.14499  1.68333  0.2 
 5.13906  1.65  0.2 
 5.13356  1.61667  0.2 
 5.12769  1.58333  0.2 
 5.12559  1.57346  0.2 
 5.11859  1.55  0.2 
 5.10907  1.51667  0.2 
 5.09242  1.50604  0.2 
 5.05924  1.49333  0.2 
 5.03738  1.48333  0.2 
 5.02607  1.47851  0.2 
 4.99289  1.46797  0.2 
 4.95972  1.45295  0.2 
 4.95369  1.45  0.2 
 4.92654  1.43834  0.2 
 4.89336  1.42733  0.2 
 4.87021  1.41667  0.2 
 4.86019  1.41238  0.2 
 4.82701  1.40146  0.2 
 4.79384  1.38862  0.2 
 4.78272  1.38333  0.2 
 4.76066  1.37512  0.2 
 4.72749  1.36438  0.2 
 4.6951  1.35  0.2 
 4.69431  1.34966  0.2 
 4.66114  1.33842  0.2 
 4.62796  1.32689  0.2 
 4.60562  1.31667  0.2 
 4.59479  1.3124  0.2 
 4.56161  1.30171  0.2 
 4.52844  1.2888  0.2 
 4.51674  1.28333  0.2 
 4.49526  1.27554  0.2 
 4.46209  1.26475  0.2 
 4.42891  1.25021  0.2 
 4.42847  1.25  0.2 
 4.39573  1.23894  0.2 
 4.36256  1.22743  0.2 
 4.33882  1.21667  0.2 
 4.32938  1.213  0.2 
 4.29621  1.20232  0.2 
 4.26303  1.18965  0.2 
 4.24938  1.18333  0.2 
 4.22986  1.17626  0.2 
 4.19668  1.1655  0.2 
 4.16351  1.15129  0.2 
 4.16077  1.15  0.2 
 4.13033  1.13965  0.2 
 4.09716  1.12828  0.2 
 4.07138  1.11667  0.2 
 4.06398  1.11377  0.2 
 4.03081  1.10305  0.2 
 3.99763  1.0906  0.2 
 3.98185  1.08333  0.2 
 3.96445  1.07697  0.2 
 3.93128  1.06628  0.2 


# Contour 22, label:     0.15
 3.96445  1.05471  0.15 
 3.95141  1.05  0.15 
 3.93128  1.03975  0.15 
 3.8981  1.02822  0.15 
 3.86493  1.01794  0.15 
 3.86165  1.01667  0.15 
 3.83175  1.00223  0.15 
 3.79858  0.991805  0.15 
 3.77305  0.983333  0.15 
 3.7654  0.979229  0.15 
 3.73223  0.965341  0.15 
 3.69905  0.95532  0.15 
 3.68414  0.95  0.15 
 3.66588  0.940639  0.15 
 3.6327  0.928819  0.15 
 3.59953  0.918623  0.15 
 3.59442  0.916667  0.15 
 3.56635  0.902992  0.15 
 3.53318  0.892416  0.15 
 3.50544  0.883333  0.15 
 3.5  0.880398  0.15 
 3.46682  0.866038  0.15 
 3.43365  0.855981  0.15 
 3.41666  0.85  0.15 
 3.40047  0.841651  0.15 
 3.3673  0.829512  0.15 
 3.33412  0.819391  0.15 
 3.3269  0.816667  0.15 
 3.30095  0.803946  0.15 
 3.26777  0.793183  0.15 
 3.23718  0.783333  0.15 
 3.2346  0.781931  0.15 
 3.20142  0.766983  0.15 
 3.16825  0.756977  0.15 
 3.14782  0.75  0.15 
 3.13507  0.743426  0.15 
 3.1019  0.730284  0.15 
 3.07386  0.716667  0.15 
 3.06872  0.712659  0.15 
 3.05426  0.683333  0.15 
 3.03555  0.65583  0.15 
 3.03402  0.65  0.15 
 3.02718  0.616667  0.15 
 3.01385  0.583333  0.15 
 3.00237  0.56539  0.15 
 2.99898  0.55  0.15 
 2.99168  0.516667  0.15 
 2.97675  0.483333  0.15 
 2.96919  0.468321  0.15 
 2.96629  0.45  0.15 
 2.96367  0.416667  0.15 
 2.96294  0.383333  0.15 
 2.96294  0.35  0.15 
 2.96313  0.316667  0.15 
 2.96334  0.283333  0.15 
 2.96353  0.25  0.15 
 2.96368  0.216667  0.15 
 2.9638  0.183333  0.15 
 2.96388  0.15  0.15 
 2.96394  0.116667  0.15 
 2.96397  0.0833333  0.15 
 2.964  0.05  0.15 
 2.96401  0.0166667  0.15 

# Contour 23, label: 
 5.30579  2.98333  0.15 
 5.30481  2.95  0.15 
 5.30366  2.91667  0.15 
 5.30228  2.88333  0.15 
 5.30061  2.85  0.15 
 5.2986  2.81667  0.15 
 5.2962  2.78333  0.15 
 5.29332  2.75  0.15 
 5.29147  2.73147  0.15 
 5.29066  2.71667  0.15 
 5.28883  2.68333  0.15 
 5.28698  2.65  0.15 
 5.28511  2.61667  0.15 
 5.2832  2.58333  0.15 
 5.28126  2.55  0.15 
 5.27922  2.51667  0.15 
 5.27698  2.48333  0.15 
 5.27446  2.45  0.15 
 5.2715  2.41667  0.15 
 5.26797  2.38333  0.15 
 5.26363  2.35  0.15 
 5.25829  2.31722  0.15 
 5.25823  2.31667  0.15 
 5.25503  2.28333  0.15 
 5.25199  2.25  0.15 
 5.24899  2.21667  0.15 
 5.24602  2.18333  0.15 
 5.24274  2.15  0.15 
 5.23891  2.11667  0.15 
 5.23416  2.08333  0.15 
 5.22803  2.05  0.15 
 5.22512  2.03669  0.15 
 5.22252  2.01667  0.15 
 5.21856  1.98333  0.15 
 5.21474  1.95  0.15 
 5.21086  1.91667  0.15 
 5.20637  1.88333  0.15 
 5.20063  1.85  0.15 
 5.19287  1.81667  0.15 
 5.19194  1.81319  0.15 
 5.18736  1.78333  0.15 
 5.18267  1.75  0.15 
 5.17802  1.71667  0.15 
 5.1726  1.68333  0.15 
 5.16531  1.65  0.15 
 5.15877  1.62782  0.15 
 5.15656  1.61667  0.15 
 5.15069  1.58333  0.15 
 5.145  1.55  0.15 
 5.13774  1.51667  0.15 
 5.12559  1.50574  0.15 
 5.09242  1.4884  0.15 
 5.08065  1.48333  0.15 
 5.05924  1.47024  0.15 
 5.02607  1.45901  0.15 
 5.00003  1.45  0.15 
 4.99289  1.44568  0.15 
 4.95972  1.43093  0.15 
 4.92654  1.42009  0.15 
 4.9176  1.41667  0.15 
 4.89336  1.40326  0.15 
 4.86019  1.39225  0.15 
 4.83398  1.38333  0.15 
 4.82701  1.37919  0.15 
 4.79384  1.3647  0.15 
 4.76066  1.35456  0.15 
 4.74822  1.35  0.15 
 4.72749  1.33907  0.15 
 4.69431  1.32755  0.15 
 4.66114  1.31721  0.15 
 4.65976  1.31667  0.15 
 4.62796  1.30112  0.15 
 4.59479  1.29081  0.15 
 4.57281  1.28333  0.15 
 4.56161  1.27725  0.15 
 4.52844  1.26399  0.15 
 4.49526  1.25399  0.15 
 4.4844  1.25  0.15 
 4.46209  1.23861  0.15 
 4.42891  1.22736  0.15 
 4.39573  1.21693  0.15 
 4.39508  1.21667  0.15 
 4.36256  1.20104  0.15 
 4.32938  1.19082  0.15 
 4.30728  1.18333  0.15 
 4.29621  1.17742  0.15 
 4.26303  1.16423  0.15 
 4.22986  1.15422  0.15 
 4.21832  1.15  0.15 
 4.19668  1.13902  0.15 
 4.16351  1.1277  0.15 
 4.13033  1.11735  0.15 
 4.1286  1.11667  0.15 
 4.09716  1.10156  0.15 
 4.06398  1.09125  0.15 
 4.04041  1.08333  0.15 
 4.03081  1.0782  0.15 
 3.99763  1.06472  0.15 
 3.96445  1.05471  0.15 

