
# Surface 0 of 1 surfaces

# Curve title: ""./data/MGFM-CLSVOF-RMI-MUSCL-1600-400-3402-prims.dat" u 1:2:7"

# Contour 0, label:      2.1
 1.782  0.70125  2.1 
 1.78233  0.69875  2.1 
 1.78269  0.69625  2.1 
 1.78319  0.69375  2.1 
 1.78375  0.691435  2.1 
 1.7838  0.69125  2.1 
 1.78444  0.68875  2.1 
 1.78507  0.68625  2.1 
 1.78568  0.68375  2.1 
 1.78622  0.68125  2.1 
 1.78625  0.681103  2.1 
 1.78672  0.67875  2.1 
 1.78708  0.67625  2.1 
 1.78739  0.67375  2.1 
 1.78785  0.67125  2.1 
 1.78799  0.66875  2.1 
 1.78772  0.66625  2.1 
 1.78772  0.66375  2.1 
 1.78779  0.66125  2.1 
 1.78793  0.65875  2.1 
 1.7881  0.65625  2.1 
 1.78828  0.65375  2.1 
 1.78842  0.65125  2.1 
 1.78851  0.64875  2.1 
 1.78859  0.64625  2.1 
 1.78864  0.64375  2.1 
 1.7887  0.64125  2.1 
 1.7887  0.63875  2.1 
 1.78866  0.63625  2.1 
 1.78859  0.63375  2.1 
 1.78852  0.63125  2.1 
 1.78846  0.62875  2.1 
 1.7884  0.62625  2.1 
 1.78833  0.62375  2.1 
 1.78827  0.62125  2.1 
 1.78821  0.61875  2.1 
 1.78815  0.61625  2.1 
 1.78809  0.61375  2.1 
 1.78803  0.61125  2.1 
 1.78798  0.60875  2.1 
 1.78793  0.60625  2.1 
 1.78788  0.60375  2.1 
 1.78783  0.60125  2.1 
 1.78778  0.59875  2.1 
 1.78773  0.59625  2.1 
 1.78767  0.59375  2.1 
 1.78761  0.59125  2.1 
 1.78755  0.58875  2.1 
 1.78749  0.58625  2.1 
 1.78742  0.58375  2.1 
 1.78736  0.58125  2.1 
 1.78728  0.57875  2.1 
 1.78721  0.57625  2.1 
 1.78713  0.57375  2.1 
 1.78706  0.57125  2.1 
 1.78698  0.56875  2.1 
 1.78691  0.56625  2.1 
 1.78684  0.56375  2.1 
 1.78678  0.56125  2.1 
 1.78671  0.55875  2.1 
 1.78666  0.55625  2.1 
 1.78661  0.55375  2.1 
 1.78657  0.55125  2.1 
 1.78654  0.54875  2.1 
 1.78651  0.54625  2.1 
 1.7865  0.54375  2.1 
 1.78649  0.54125  2.1 
 1.78649  0.53875  2.1 
 1.78649  0.53625  2.1 
 1.78649  0.53375  2.1 
 1.78648  0.53125  2.1 
 1.78649  0.52875  2.1 
 1.7865  0.52625  2.1 
 1.78652  0.52375  2.1 
 1.78654  0.52125  2.1 
 1.78656  0.51875  2.1 
 1.78657  0.51625  2.1 
 1.78657  0.51375  2.1 
 1.78657  0.51125  2.1 
 1.78657  0.50875  2.1 
 1.78657  0.50625  2.1 
 1.78657  0.50375  2.1 
 1.78657  0.50125  2.1 

# Contour 1, label: 
 1.74554  0.50125  2.1 
 1.74554  0.50375  2.1 
 1.74555  0.50625  2.1 
 1.74556  0.50875  2.1 
 1.74557  0.51125  2.1 
 1.74558  0.51375  2.1 
 1.74559  0.51625  2.1 
 1.74561  0.51875  2.1 
 1.74563  0.52125  2.1 
 1.74565  0.52375  2.1 
 1.74567  0.52625  2.1 
 1.7457  0.52875  2.1 
 1.74573  0.53125  2.1 
 1.74576  0.53375  2.1 
 1.74579  0.53625  2.1 
 1.74583  0.53875  2.1 
 1.74586  0.54125  2.1 
 1.7459  0.54375  2.1 
 1.74594  0.54625  2.1 
 1.74597  0.54875  2.1 
 1.74601  0.55125  2.1 
 1.74606  0.55375  2.1 
 1.7461  0.55625  2.1 
 1.74614  0.55875  2.1 
 1.74619  0.56125  2.1 
 1.74623  0.56375  2.1 
 1.74625  0.564983  2.1 
 1.74632  0.56625  2.1 
 1.74646  0.56875  2.1 
 1.74661  0.57125  2.1 
 1.74674  0.57375  2.1 
 1.74687  0.57625  2.1 
 1.74701  0.57875  2.1 
 1.74714  0.58125  2.1 
 1.74727  0.58375  2.1 
 1.7474  0.58625  2.1 
 1.74752  0.58875  2.1 
 1.74764  0.59125  2.1 
 1.74776  0.59375  2.1 
 1.74787  0.59625  2.1 
 1.74798  0.59875  2.1 
 1.74809  0.60125  2.1 
 1.7482  0.60375  2.1 
 1.7483  0.60625  2.1 
 1.74839  0.60875  2.1 
 1.74849  0.61125  2.1 
 1.74858  0.61375  2.1 
 1.74866  0.61625  2.1 
 1.74875  0.61875  2.1 
 1.74875  0.618824  2.1 
 1.749  0.62125  2.1 
 1.74924  0.62375  2.1 
 1.74947  0.62625  2.1 
 1.74968  0.62875  2.1 
 1.74989  0.63125  2.1 
 1.75008  0.63375  2.1 
 1.75026  0.63625  2.1 
 1.75043  0.63875  2.1 
 1.75058  0.64125  2.1 
 1.75073  0.64375  2.1 
 1.75087  0.64625  2.1 
 1.751  0.64875  2.1 
 1.75113  0.65125  2.1 
 1.75125  0.65375  2.1 
 1.75125  0.653812  2.1 
 1.7516  0.65625  2.1 
 1.75194  0.65875  2.1 
 1.75225  0.66125  2.1 
 1.75255  0.66375  2.1 
 1.75283  0.66625  2.1 
 1.75311  0.66875  2.1 
 1.75338  0.67125  2.1 
 1.75366  0.67375  2.1 
 1.75375  0.674473  2.1 
 1.75434  0.67625  2.1 
 1.75516  0.67875  2.1 
 1.75596  0.68125  2.1 
 1.75625  0.68211  2.1 
 1.75737  0.68375  2.1 
 1.75872  0.68625  2.1 
 1.75875  0.686298  2.1 
 1.76073  0.68875  2.1 
 1.76125  0.689516  2.1 
 1.7629  0.69125  2.1 
 1.76375  0.692461  2.1 
 1.76503  0.69375  2.1 
 1.76625  0.695614  2.1 
 1.76688  0.69625  2.1 
 1.76873  0.69875  2.1 
 1.76875  0.698789  2.1 
 1.77102  0.70125  2.1 
 1.77125  0.701583  2.1 
 1.77375  0.703724  2.1 
 1.77381  0.70375  2.1 
 1.77625  0.705121  2.1 
 1.77875  0.705299  2.1 
 1.78125  0.704041  2.1 
 1.78138  0.70375  2.1 
 1.782  0.70125  2.1 


# Contour 2, label:        2
 1.88875  0.693214  2 
 1.88824  0.69125  2 
 1.8876  0.68875  2 
 1.887  0.68625  2 
 1.88642  0.68375  2 
 1.88625  0.682969  2 
 1.88588  0.68125  2 
 1.88539  0.67875  2 
 1.88493  0.67625  2 
 1.88449  0.67375  2 
 1.8841  0.67125  2 
 1.88375  0.668958  2 
 1.88372  0.66875  2 
 1.88338  0.66625  2 
 1.88306  0.66375  2 
 1.88277  0.66125  2 
 1.88248  0.65875  2 
 1.88218  0.65625  2 
 1.88187  0.65375  2 
 1.88155  0.65125  2 
 1.88125  0.648902  2 
 1.88123  0.64875  2 
 1.88091  0.64625  2 
 1.8806  0.64375  2 
 1.88031  0.64125  2 
 1.88003  0.63875  2 
 1.87975  0.63625  2 
 1.87951  0.63375  2 
 1.87931  0.63125  2 
 1.87917  0.62875  2 
 1.87899  0.62625  2 
 1.87887  0.62375  2 
 1.87875  0.622893  2 
 1.8785  0.62125  2 
 1.8781  0.61875  2 
 1.87774  0.61625  2 
 1.8774  0.61375  2 
 1.87714  0.61125  2 
 1.87692  0.60875  2 
 1.87679  0.60625  2 
 1.87669  0.60375  2 
 1.87657  0.60125  2 
 1.87643  0.59875  2 
 1.87628  0.59625  2 
 1.87625  0.595833  2 
 1.87611  0.59375  2 
 1.87598  0.59125  2 
 1.87584  0.58875  2 
 1.87568  0.58625  2 
 1.87553  0.58375  2 
 1.87539  0.58125  2 
 1.87528  0.57875  2 
 1.87518  0.57625  2 
 1.8751  0.57375  2 
 1.87504  0.57125  2 
 1.87499  0.56875  2 
 1.87494  0.56625  2 
 1.87491  0.56375  2 
 1.87488  0.56125  2 
 1.87486  0.55875  2 
 1.87485  0.55625  2 
 1.87483  0.55375  2 
 1.8748  0.55125  2 
 1.87478  0.54875  2 
 1.87476  0.54625  2 
 1.87473  0.54375  2 
 1.8747  0.54125  2 
 1.87467  0.53875  2 
 1.87464  0.53625  2 
 1.87461  0.53375  2 
 1.87458  0.53125  2 
 1.87455  0.52875  2 
 1.87451  0.52625  2 
 1.87448  0.52375  2 
 1.87444  0.52125  2 
 1.87439  0.51875  2 
 1.87436  0.51625  2 
 1.87432  0.51375  2 
 1.87429  0.51125  2 
 1.87426  0.50875  2 
 1.87424  0.50625  2 
 1.87422  0.50375  2 
 1.87421  0.50125  2 

# Contour 3, label: 
 2.02375  0.783194  2 
 2.02125  0.782763  2 
 2.01875  0.78251  2 
 2.01625  0.78241  2 
 2.01375  0.782421  2 
 2.01125  0.7825  2 
 2.00875  0.782673  2 
 2.00625  0.782942  2 
 2.00375  0.783321  2 
 2.00145  0.78375  2 
 2.00125  0.783787  2 
 1.99875  0.784375  2 
 1.99625  0.785046  2 
 1.99375  0.785812  2 
 1.99247  0.78625  2 
 1.99125  0.78667  2 
 1.98875  0.787637  2 
 1.98625  0.788696  2 
 1.98613  0.78875  2 
 1.98375  0.789855  2 
 1.98125  0.790874  2 
 1.98006  0.79125  2 
 1.97875  0.791673  2 
 1.97625  0.792234  2 
 1.97375  0.79256  2 
 1.97125  0.792705  2 
 1.96875  0.792696  2 
 1.96625  0.792521  2 
 1.96375  0.792011  2 
 1.96151  0.79125  2 
 1.96125  0.79116  2 
 1.95875  0.790045  2 
 1.95625  0.788883  2 
 1.95597  0.78875  2 
 1.95375  0.787716  2 
 1.95125  0.786565  2 
 1.95056  0.78625  2 
 1.94875  0.785457  2 
 1.94625  0.78441  2 
 1.94469  0.78375  2 
 1.94375  0.783356  2 
 1.94125  0.782274  2 
 1.93905  0.78125  2 
 1.93875  0.781113  2 
 1.93625  0.779872  2 
 1.93418  0.77875  2 
 1.93375  0.778514  2 
 1.93125  0.777057  2 
 1.92995  0.77625  2 
 1.92875  0.775508  2 
 1.92625  0.773868  2 
 1.92608  0.77375  2 
 1.92375  0.77207  2 
 1.92271  0.77125  2 
 1.92125  0.770052  2 
 1.91983  0.76875  2 
 1.91875  0.767707  2 
 1.91742  0.76625  2 
 1.91625  0.764884  2 
 1.91536  0.76375  2 
 1.91375  0.761547  2 
 1.91355  0.76125  2 
 1.91193  0.75875  2 
 1.91125  0.757645  2 
 1.91045  0.75625  2 
 1.9091  0.75375  2 
 1.90875  0.753068  2 
 1.90788  0.75125  2 
 1.90674  0.74875  2 
 1.90625  0.747579  2 
 1.90573  0.74625  2 
 1.90481  0.74375  2 
 1.90397  0.74125  2 
 1.90375  0.740541  2 
 1.9032  0.73875  2 
 1.90244  0.73625  2 
 1.90168  0.73375  2 
 1.90125  0.73239  2 
 1.90088  0.73125  2 
 1.90006  0.72875  2 
 1.89923  0.72625  2 
 1.89875  0.724842  2 
 1.89838  0.72375  2 
 1.89752  0.72125  2 
 1.89666  0.71875  2 
 1.89625  0.717536  2 
 1.89582  0.71625  2 
 1.89498  0.71375  2 
 1.89416  0.71125  2 
 1.89375  0.709981  2 
 1.89335  0.70875  2 
 1.89257  0.70625  2 
 1.89179  0.70375  2 
 1.89125  0.701964  2 
 1.89103  0.70125  2 
 1.89031  0.69875  2 
 1.88959  0.69625  2 
 1.88889  0.69375  2 
 1.88875  0.693214  2 

# Contour 4, label: 
 2.08125  0.896434  2 
 2.08375  0.896552  2 
 2.08625  0.896686  2 
 2.08875  0.896829  2 
 2.09125  0.896984  2 
 2.09375  0.89713  2 
 2.09625  0.897233  2 
 2.09875  0.897275  2 
 2.10125  0.897256  2 
 2.10375  0.897156  2 
 2.10625  0.89695  2 
 2.10875  0.896619  2 
 2.11076  0.89625  2 
 2.11125  0.896105  2 
 2.11375  0.895132  2 
 2.11622  0.89375  2 
 2.11625  0.893718  2 
 2.11794  0.89125  2 
 2.11828  0.88875  2 
 2.11799  0.88625  2 
 2.11735  0.88375  2 
 2.11638  0.88125  2 
 2.11625  0.880998  2 
 2.11497  0.87875  2 
 2.11375  0.876794  2 
 2.11337  0.87625  2 
 2.11153  0.87375  2 
 2.11125  0.873393  2 
 2.10944  0.87125  2 
 2.10875  0.870439  2 
 2.10716  0.86875  2 
 2.10625  0.867677  2 
 2.10489  0.86625  2 
 2.10375  0.86488  2 
 2.10272  0.86375  2 
 2.10125  0.861858  2 
 2.10076  0.86125  2 
 2.09907  0.85875  2 
 2.09875  0.858167  2 
 2.09767  0.85625  2 
 2.09653  0.85375  2 
 2.09625  0.853064  2 
 2.09545  0.85125  2 
 2.09444  0.84875  2 
 2.09375  0.846919  2 
 2.09346  0.84625  2 
 2.09241  0.84375  2 
 2.09141  0.84125  2 
 2.09125  0.840842  2 
 2.09026  0.83875  2 
 2.08908  0.83625  2 
 2.08875  0.835531  2 
 2.08774  0.83375  2 
 2.08637  0.83125  2 
 2.08625  0.831032  2 
 2.08482  0.82875  2 
 2.08375  0.826875  2 
 2.08336  0.82625  2 
 2.08199  0.82375  2 
 2.08125  0.822091  2 
 2.08085  0.82125  2 
 2.07979  0.81875  2 
 2.07882  0.81625  2 
 2.07875  0.816056  2 
 2.07776  0.81375  2 
 2.07671  0.81125  2 
 2.07625  0.810116  2 
 2.07563  0.80875  2 
 2.07458  0.80625  2 
 2.07375  0.804167  2 
 2.07356  0.80375  2 
 2.07239  0.80125  2 
 2.07125  0.798904  2 
 2.07115  0.79875  2 
 2.06929  0.79625  2 
 2.06875  0.795643  2 
 2.06625  0.793969  2 
 2.06562  0.79375  2 
 2.06375  0.79319  2 
 2.06125  0.792793  2 
 2.05875  0.792688  2 
 2.05625  0.79281  2 
 2.05375  0.7931  2 
 2.05125  0.793383  2 
 2.04875  0.793458  2 
 2.04625  0.793304  2 
 2.04375  0.792754  2 
 2.04125  0.791827  2 
 2.04021  0.79125  2 
 2.03875  0.790337  2 
 2.03685  0.78875  2 
 2.03625  0.788225  2 
 2.03375  0.78656  2 
 2.0331  0.78625  2 
 2.03125  0.785401  2 
 2.02875  0.784538  2 
 2.02625  0.783816  2 
 2.02599  0.78375  2 
 2.02375  0.783194  2 

# Contour 5, label: 
 1.89375  0.839157  2 
 1.89625  0.840479  2 
 1.89767  0.84125  2 
 1.89875  0.8418  2 
 1.90125  0.843042  2 
 1.90264  0.84375  2 
 1.90375  0.844275  2 
 1.90625  0.845428  2 
 1.90798  0.84625  2 
 1.90875  0.846591  2 
 1.91125  0.847654  2 
 1.91369  0.84875  2 
 1.91375  0.848776  2 
 1.91625  0.849767  2 
 1.91875  0.850805  2 
 1.9198  0.85125  2 
 1.92125  0.851803  2 
 1.92375  0.852767  2 
 1.92613  0.85375  2 
 1.92625  0.853796  2 
 1.92875  0.854709  2 
 1.93125  0.855689  2 
 1.93261  0.85625  2 
 1.93375  0.856663  2 
 1.93625  0.857593  2 
 1.93875  0.858611  2 
 1.93909  0.85875  2 
 1.94125  0.859533  2 
 1.94375  0.860506  2 
 1.94553  0.86125  2 
 1.94625  0.861515  2 
 1.94875  0.862457  2 
 1.95125  0.863505  2 
 1.9518  0.86375  2 
 1.95375  0.864495  2 
 1.95625  0.865551  2 
 1.95773  0.86625  2 
 1.95875  0.866668  2 
 1.96125  0.867797  2 
 1.96309  0.86875  2 
 1.96375  0.869054  2 
 1.96625  0.870279  2 
 1.9681  0.87125  2 
 1.96875  0.871562  2 
 1.97125  0.872697  2 
 1.97353  0.87375  2 
 1.97375  0.873846  2 
 1.97625  0.874862  2 
 1.97875  0.875864  2 
 1.97969  0.87625  2 
 1.98125  0.876877  2 
 1.98375  0.877798  2 
 1.98625  0.878736  2 
 1.98629  0.87875  2 
 1.98875  0.879693  2 
 1.99125  0.880576  2 
 1.99309  0.88125  2 
 1.99375  0.881516  2 
 1.99625  0.882482  2 
 1.99875  0.883403  2 
 1.99964  0.88375  2 
 2.00125  0.884471  2 
 2.00375  0.885461  2 
 2.00614  0.88625  2 
 2.00625  0.886295  2 
 2.00875  0.887218  2 
 2.01125  0.887944  2 
 2.01375  0.888525  2 
 2.01485  0.88875  2 
 2.01625  0.889106  2 
 2.01875  0.889642  2 
 2.02125  0.890072  2 
 2.02375  0.89043  2 
 2.02625  0.890759  2 
 2.02875  0.891099  2 
 2.02974  0.89125  2 
 2.03125  0.891503  2 
 2.03375  0.891927  2 
 2.03625  0.892355  2 
 2.03875  0.892805  2 
 2.04125  0.893301  2 
 2.04335  0.89375  2 
 2.04375  0.893843  2 
 2.04625  0.894346  2 
 2.04875  0.894752  2 
 2.05125  0.895083  2 
 2.05375  0.895357  2 
 2.05625  0.895583  2 
 2.05875  0.89577  2 
 2.06125  0.895917  2 
 2.06375  0.896021  2 
 2.06625  0.896093  2 
 2.06875  0.896141  2 
 2.07125  0.896178  2 
 2.07375  0.896217  2 
 2.07516  0.89625  2 
 2.07625  0.896271  2 
 2.07875  0.896339  2 
 2.08125  0.896434  2 

# Contour 6, label: 
 1.76999  0.71875  2 
 1.77124  0.72125  2 
 1.77125  0.721273  2 
 1.77285  0.72375  2 
 1.77375  0.725529  2 
 1.77423  0.72625  2 
 1.77572  0.72875  2 
 1.77625  0.729785  2 
 1.77723  0.73125  2 
 1.77859  0.73375  2 
 1.77875  0.734062  2 
 1.78022  0.73625  2 
 1.78125  0.738207  2 
 1.78162  0.73875  2 
 1.7832  0.74125  2 
 1.78375  0.742273  2 
 1.78477  0.74375  2 
 1.78617  0.74625  2 
 1.78625  0.746392  2 
 1.78789  0.74875  2 
 1.78875  0.750298  2 
 1.78943  0.75125  2 
 1.79097  0.75375  2 
 1.79125  0.754242  2 
 1.79269  0.75625  2 
 1.79375  0.758087  2 
 1.79424  0.75875  2 
 1.79589  0.76125  2 
 1.79625  0.761867  2 
 1.79764  0.76375  2 
 1.79875  0.76558  2 
 1.79926  0.76625  2 
 1.80096  0.76875  2 
 1.80125  0.769219  2 
 1.80281  0.77125  2 
 1.80375  0.77273  2 
 1.80457  0.77375  2 
 1.80624  0.77625  2 
 1.80625  0.776263  2 
 1.80823  0.77875  2 
 1.80875  0.77952  2 
 1.81019  0.78125  2 
 1.81125  0.782735  2 
 1.81214  0.78375  2 
 1.81375  0.785866  2 
 1.81411  0.78625  2 
 1.81618  0.78875  2 
 1.81625  0.788843  2 
 1.81846  0.79125  2 
 1.81875  0.79161  2 
 1.82083  0.79375  2 
 1.82125  0.794226  2 
 1.82335  0.79625  2 
 1.82375  0.796676  2 
 1.82604  0.79875  2 
 1.82625  0.79895  2 
 1.82875  0.801028  2 
 1.82905  0.80125  2 
 1.83125  0.802921  2 
 1.83242  0.80375  2 
 1.83375  0.8047  2 
 1.83603  0.80625  2 
 1.83625  0.8064  2 
 1.83875  0.807976  2 
 1.83999  0.80875  2 
 1.84125  0.809508  2 
 1.84375  0.811012  2 
 1.84415  0.81125  2 
 1.84625  0.812432  2 
 1.84849  0.81375  2 
 1.84875  0.813892  2 
 1.85125  0.815274  2 
 1.85292  0.81625  2 
 1.85375  0.816703  2 
 1.85625  0.818098  2 
 1.85736  0.81875  2 
 1.85875  0.8195  2 
 1.86125  0.820917  2 
 1.86182  0.82125  2 
 1.86375  0.822285  2 
 1.86625  0.82372  2 
 1.8663  0.82375  2 
 1.86875  0.825046  2 
 1.87085  0.82625  2 
 1.87125  0.826465  2 
 1.87375  0.827805  2 
 1.87539  0.82875  2 
 1.87625  0.829216  2 
 1.87875  0.830604  2 
 1.87985  0.83125  2 
 1.88125  0.83202  2 
 1.88375  0.833479  2 
 1.8842  0.83375  2 
 1.88625  0.834886  2 
 1.88854  0.83625  2 
 1.88875  0.836371  2 
 1.89125  0.837741  2 
 1.893  0.83875  2 
 1.89375  0.839157  2 

# Contour 7, label: 
 1.74331  0.50125  2 
 1.74331  0.50375  2 
 1.74332  0.50625  2 
 1.74333  0.50875  2 
 1.74334  0.51125  2 
 1.74335  0.51375  2 
 1.74336  0.51625  2 
 1.74338  0.51875  2 
 1.74339  0.52125  2 
 1.74341  0.52375  2 
 1.74344  0.52625  2 
 1.74346  0.52875  2 
 1.74349  0.53125  2 
 1.74351  0.53375  2 
 1.74354  0.53625  2 
 1.74357  0.53875  2 
 1.7436  0.54125  2 
 1.74364  0.54375  2 
 1.74367  0.54625  2 
 1.74371  0.54875  2 
 1.74375  0.55125  2 
 1.74375  0.551261  2 
 1.74385  0.55375  2 
 1.74395  0.55625  2 
 1.74406  0.55875  2 
 1.74416  0.56125  2 
 1.74427  0.56375  2 
 1.74438  0.56625  2 
 1.74449  0.56875  2 
 1.7446  0.57125  2 
 1.7447  0.57375  2 
 1.74481  0.57625  2 
 1.74492  0.57875  2 
 1.74502  0.58125  2 
 1.74512  0.58375  2 
 1.74523  0.58625  2 
 1.74532  0.58875  2 
 1.74542  0.59125  2 
 1.74552  0.59375  2 
 1.74561  0.59625  2 
 1.74571  0.59875  2 
 1.7458  0.60125  2 
 1.74589  0.60375  2 
 1.74598  0.60625  2 
 1.74607  0.60875  2 
 1.74616  0.61125  2 
 1.74625  0.61375  2 
 1.74625  0.61386  2 
 1.74646  0.61625  2 
 1.74667  0.61875  2 
 1.74687  0.62125  2 
 1.74706  0.62375  2 
 1.74724  0.62625  2 
 1.74742  0.62875  2 
 1.74758  0.63125  2 
 1.74774  0.63375  2 
 1.74789  0.63625  2 
 1.74803  0.63875  2 
 1.74816  0.64125  2 
 1.74829  0.64375  2 
 1.74842  0.64625  2 
 1.74854  0.64875  2 
 1.74866  0.65125  2 
 1.74875  0.653306  2 
 1.7488  0.65375  2 
 1.74909  0.65625  2 
 1.74935  0.65875  2 
 1.7496  0.66125  2 
 1.74983  0.66375  2 
 1.75005  0.66625  2 
 1.75026  0.66875  2 
 1.75047  0.67125  2 
 1.75067  0.67375  2 
 1.75088  0.67625  2 
 1.7511  0.67875  2 
 1.75125  0.680211  2 
 1.7515  0.68125  2 
 1.75217  0.68375  2 
 1.75288  0.68625  2 
 1.75365  0.68875  2 
 1.75375  0.689029  2 
 1.75497  0.69125  2 
 1.75614  0.69375  2 
 1.75625  0.693989  2 
 1.75762  0.69625  2 
 1.75875  0.698698  2 
 1.75878  0.69875  2 
 1.76028  0.70125  2 
 1.76125  0.703337  2 
 1.7615  0.70375  2 
 1.76297  0.70625  2 
 1.76375  0.707873  2 
 1.7643  0.70875  2 
 1.76571  0.71125  2 
 1.76625  0.712362  2 
 1.76714  0.71375  2 
 1.76847  0.71625  2 
 1.76875  0.716819  2 
 1.76999  0.71875  2 

# Contour 8, label: 
 1.9816  0.99875  2 
 1.9822  0.99625  2 
 1.98325  0.99375  2 
 1.98375  0.992853  2 
 1.98487  0.99125  2 
 1.98625  0.989528  2 
 1.98699  0.98875  2 
 1.98875  0.987034  2 
 1.98966  0.98625  2 
 1.99125  0.984914  2 
 1.99276  0.98375  2 
 1.99375  0.982984  2 
 1.99614  0.98125  2 
 1.99625  0.981171  2 
 1.99875  0.979535  2 
 2.00003  0.97875  2 
 2.00125  0.977996  2 
 2.00375  0.97663  2 
 2.0046  0.97625  2 
 2.00625  0.975504  2 
 2.00875  0.974646  2 
 2.01125  0.974061  2 
 2.01375  0.973775  2 
 2.01625  0.97375  2 
 2.01875  0.974167  2 
 2.02125  0.975372  2 
 2.02227  0.97625  2 
 2.02375  0.977962  2 
 2.02424  0.97875  2 
 2.02541  0.98125  2 
 2.02625  0.983712  2 
 2.02626  0.98375  2 
 2.02682  0.98625  2 
 2.02724  0.98875  2 
 2.02755  0.99125  2 
 2.02775  0.99375  2 
 2.02788  0.99625  2 
 2.02795  0.99875  2 


# Contour 9, label:      1.9
 2.61625  0.591404  1.9 
 2.61589  0.59125  1.9 
 2.61375  0.590184  1.9 
 2.61125  0.588883  1.9 
 2.61103  0.58875  1.9 
 2.60875  0.587137  1.9 
 2.60763  0.58625  1.9 
 2.60625  0.585032  1.9 
 2.60496  0.58375  1.9 
 2.60375  0.582488  1.9 
 2.6027  0.58125  1.9 
 2.60125  0.579388  1.9 
 2.60081  0.57875  1.9 
 2.59936  0.57625  1.9 
 2.59875  0.574978  1.9 
 2.5982  0.57375  1.9 
 2.59728  0.57125  1.9 
 2.59649  0.56875  1.9 
 2.59625  0.567645  1.9 
 2.59596  0.56625  1.9 
 2.59569  0.56375  1.9 
 2.59564  0.56125  1.9 
 2.59572  0.55875  1.9 
 2.59588  0.55625  1.9 
 2.59599  0.55375  1.9 
 2.59593  0.55125  1.9 
 2.59571  0.54875  1.9 
 2.59559  0.54625  1.9 
 2.59567  0.54375  1.9 
 2.59625  0.541364  1.9 
 2.59629  0.54125  1.9 
 2.59816  0.53875  1.9 
 2.59875  0.53834  1.9 
 2.60125  0.537468  1.9 
 2.60375  0.537132  1.9 
 2.60625  0.537234  1.9 
 2.60875  0.537652  1.9 
 2.61125  0.538305  1.9 
 2.6126  0.53875  1.9 
 2.61375  0.539159  1.9 
 2.61625  0.540021  1.9 
 2.61875  0.540794  1.9 
 2.62022  0.54125  1.9 
 2.62125  0.541558  1.9 
 2.62375  0.542376  1.9 
 2.62625  0.543324  1.9 
 2.62714  0.54375  1.9 
 2.62875  0.544537  1.9 
 2.63125  0.546103  1.9 
 2.63146  0.54625  1.9 
 2.63375  0.547802  1.9 
 2.63501  0.54875  1.9 
 2.63625  0.549777  1.9 
 2.63785  0.55125  1.9 
 2.63875  0.552289  1.9 
 2.63983  0.55375  1.9 
 2.64103  0.55625  1.9 
 2.64125  0.557  1.9 
 2.64169  0.55875  1.9 
 2.64195  0.56125  1.9 
 2.6419  0.56375  1.9 
 2.64164  0.56625  1.9 
 2.64125  0.567774  1.9 
 2.64099  0.56875  1.9 
 2.63989  0.57125  1.9 
 2.6388  0.57375  1.9 
 2.63875  0.573871  1.9 
 2.63774  0.57625  1.9 
 2.63662  0.57875  1.9 
 2.63625  0.579682  1.9 
 2.63571  0.58125  1.9 
 2.63516  0.58375  1.9 
 2.63476  0.58625  1.9 
 2.63409  0.58875  1.9 
 2.63375  0.589286  1.9 
 2.63207  0.59125  1.9 
 2.63125  0.591674  1.9 
 2.62875  0.592511  1.9 
 2.62625  0.592872  1.9 
 2.62375  0.592917  1.9 
 2.62125  0.592697  1.9 
 2.61875  0.592183  1.9 
 2.61625  0.591404  1.9 

# Contour 10, label: 
 2.09125  0.595712  1.9 
 2.09326  0.59375  1.9 
 2.09375  0.593221  1.9 
 2.09548  0.59125  1.9 
 2.09625  0.590313  1.9 
 2.09749  0.58875  1.9 
 2.09875  0.587142  1.9 
 2.09943  0.58625  1.9 
 2.10125  0.583892  1.9 
 2.10136  0.58375  1.9 
 2.10327  0.58125  1.9 
 2.10375  0.580632  1.9 
 2.10515  0.57875  1.9 
 2.10625  0.577271  1.9 
 2.10698  0.57625  1.9 
 2.10875  0.573809  1.9 
 2.10879  0.57375  1.9 
 2.11061  0.57125  1.9 
 2.11125  0.570412  1.9 
 2.1125  0.56875  1.9 
 2.11375  0.567151  1.9 
 2.11445  0.56625  1.9 
 2.11625  0.56405  1.9 
 2.11649  0.56375  1.9 
 2.11862  0.56125  1.9 
 2.11875  0.561108  1.9 
 2.12086  0.55875  1.9 
 2.12125  0.558342  1.9 
 2.12326  0.55625  1.9 
 2.12375  0.555792  1.9 
 2.12594  0.55375  1.9 
 2.12625  0.553472  1.9 
 2.12869  0.55125  1.9 
 2.12875  0.551198  1.9 
 2.13125  0.548955  1.9 
 2.13147  0.54875  1.9 
 2.13375  0.546674  1.9 
 2.1342  0.54625  1.9 
 2.13625  0.544292  1.9 
 2.13679  0.54375  1.9 
 2.13875  0.54183  1.9 
 2.13932  0.54125  1.9 
 2.14125  0.539349  1.9 
 2.14184  0.53875  1.9 
 2.14375  0.53689  1.9 
 2.14439  0.53625  1.9 
 2.14625  0.53444  1.9 
 2.14694  0.53375  1.9 
 2.14875  0.531969  1.9 
 2.14946  0.53125  1.9 
 2.15125  0.529429  1.9 
 2.15189  0.52875  1.9 
 2.15375  0.526763  1.9 
 2.15422  0.52625  1.9 
 2.15625  0.52396  1.9 
 2.15643  0.52375  1.9 
 2.15856  0.52125  1.9 
 2.15875  0.52102  1.9 
 2.16063  0.51875  1.9 
 2.16125  0.518  1.9 
 2.16273  0.51625  1.9 
 2.16375  0.515035  1.9 
 2.16486  0.51375  1.9 
 2.16625  0.512107  1.9 
 2.167  0.51125  1.9 
 2.16875  0.509096  1.9 
 2.16903  0.50875  1.9 
 2.17084  0.50625  1.9 
 2.17125  0.505498  1.9 
 2.17218  0.50375  1.9 
 2.17307  0.50125  1.9 

# Contour 11, label: 
 1.98469  0.50125  1.9 
 1.98481  0.50375  1.9 
 1.98498  0.50625  1.9 
 1.98522  0.50875  1.9 
 1.98548  0.51125  1.9 
 1.98581  0.51375  1.9 
 1.98622  0.51625  1.9 
 1.98625  0.516422  1.9 
 1.9867  0.51875  1.9 
 1.98722  0.52125  1.9 
 1.98777  0.52375  1.9 
 1.98836  0.52625  1.9 
 1.98875  0.527872  1.9 
 1.98897  0.52875  1.9 
 1.98958  0.53125  1.9 
 1.99019  0.53375  1.9 
 1.99077  0.53625  1.9 
 1.99125  0.538333  1.9 
 1.99135  0.53875  1.9 
 1.99193  0.54125  1.9 
 1.99248  0.54375  1.9 
 1.99298  0.54625  1.9 
 1.99357  0.54875  1.9 
 1.99375  0.549482  1.9 
 1.99419  0.55125  1.9 
 1.99483  0.55375  1.9 
 1.99551  0.55625  1.9 
 1.99619  0.55875  1.9 
 1.99625  0.558958  1.9 
 1.9969  0.56125  1.9 
 1.99765  0.56375  1.9 
 1.99855  0.56625  1.9 
 1.99875  0.566774  1.9 
 1.99951  0.56875  1.9 
 2.0005  0.57125  1.9 
 2.00125  0.573217  1.9 
 2.00145  0.57375  1.9 
 2.00235  0.57625  1.9 
 2.00307  0.57875  1.9 
 2.0036  0.58125  1.9 
 2.00375  0.581985  1.9 
 2.00409  0.58375  1.9 
 2.00462  0.58625  1.9 
 2.00525  0.58875  1.9 
 2.006  0.59125  1.9 
 2.00625  0.592037  1.9 
 2.00681  0.59375  1.9 
 2.00765  0.59625  1.9 
 2.00846  0.59875  1.9 
 2.00875  0.59973  1.9 
 2.00917  0.60125  1.9 
 2.00985  0.60375  1.9 
 2.01065  0.60625  1.9 
 2.01125  0.607729  1.9 
 2.01174  0.60875  1.9 
 2.01335  0.61125  1.9 
 2.01375  0.611715  1.9 
 2.0162  0.61375  1.9 
 2.01625  0.613785  1.9 
 2.01875  0.615016  1.9 
 2.02125  0.615805  1.9 
 2.02324  0.61625  1.9 
 2.02375  0.616359  1.9 
 2.02625  0.616791  1.9 
 2.02875  0.617142  1.9 
 2.03125  0.617418  1.9 
 2.03375  0.617616  1.9 
 2.03625  0.617734  1.9 
 2.03875  0.617783  1.9 
 2.04125  0.617783  1.9 
 2.04375  0.617742  1.9 
 2.04625  0.617631  1.9 
 2.04875  0.617439  1.9 
 2.05125  0.617132  1.9 
 2.05375  0.616703  1.9 
 2.05565  0.61625  1.9 
 2.05625  0.616106  1.9 
 2.05875  0.61533  1.9 
 2.06125  0.614387  1.9 
 2.06267  0.61375  1.9 
 2.06375  0.613271  1.9 
 2.06625  0.611998  1.9 
 2.06759  0.61125  1.9 
 2.06875  0.610617  1.9 
 2.07125  0.609176  1.9 
 2.07194  0.60875  1.9 
 2.07375  0.60768  1.9 
 2.0761  0.60625  1.9 
 2.07625  0.60616  1.9 
 2.07875  0.604648  1.9 
 2.0802  0.60375  1.9 
 2.08125  0.603089  1.9 
 2.08375  0.601468  1.9 
 2.08408  0.60125  1.9 
 2.08625  0.599748  1.9 
 2.08762  0.59875  1.9 
 2.08875  0.597863  1.9 
 2.09067  0.59625  1.9 
 2.09125  0.595712  1.9 

# Contour 12, label: 
 2.14008  0.60625  1.9 
 2.14125  0.604777  1.9 
 2.14203  0.60375  1.9 
 2.14375  0.601622  1.9 
 2.14404  0.60125  1.9 
 2.14609  0.59875  1.9 
 2.14625  0.598567  1.9 
 2.14818  0.59625  1.9 
 2.14875  0.595604  1.9 
 2.15032  0.59375  1.9 
 2.15125  0.592695  1.9 
 2.15248  0.59125  1.9 
 2.15375  0.589775  1.9 
 2.1546  0.58875  1.9 
 2.15625  0.586776  1.9 
 2.15667  0.58625  1.9 
 2.15868  0.58375  1.9 
 2.15875  0.583666  1.9 
 2.1606  0.58125  1.9 
 2.16125  0.580407  1.9 
 2.16248  0.57875  1.9 
 2.16375  0.577038  1.9 
 2.16431  0.57625  1.9 
 2.16609  0.57375  1.9 
 2.16625  0.573516  1.9 
 2.16777  0.57125  1.9 
 2.16875  0.569807  1.9 
 2.16944  0.56875  1.9 
 2.17109  0.56625  1.9 
 2.17125  0.566012  1.9 
 2.17268  0.56375  1.9 
 2.17375  0.562114  1.9 
 2.17429  0.56125  1.9 
 2.1759  0.55875  1.9 
 2.17625  0.558213  1.9 
 2.17751  0.55625  1.9 
 2.17875  0.554442  1.9 
 2.17922  0.55375  1.9 
 2.18102  0.55125  1.9 
 2.18125  0.550949  1.9 
 2.18291  0.54875  1.9 
 2.18375  0.547683  1.9 
 2.18487  0.54625  1.9 
 2.18625  0.544499  1.9 
 2.18684  0.54375  1.9 
 2.18875  0.54125  1.9 
 2.19057  0.53875  1.9 
 2.19125  0.53785  1.9 
 2.19241  0.53625  1.9 
 2.19375  0.534473  1.9 
 2.19428  0.53375  1.9 
 2.19622  0.53125  1.9 
 2.19625  0.531213  1.9 
 2.19812  0.52875  1.9 
 2.19875  0.52796  1.9 
 2.20014  0.52625  1.9 
 2.20125  0.525032  1.9 
 2.20248  0.52375  1.9 
 2.20375  0.522595  1.9 
 2.20533  0.52125  1.9 
 2.20625  0.520551  1.9 
 2.20867  0.51875  1.9 
 2.20875  0.518689  1.9 
 2.21125  0.516697  1.9 
 2.21176  0.51625  1.9 
 2.21375  0.514376  1.9 
 2.21435  0.51375  1.9 
 2.21625  0.511485  1.9 
 2.21643  0.51125  1.9 
 2.218  0.50875  1.9 
 2.21875  0.507233  1.9 
 2.21918  0.50625  1.9 
 2.21994  0.50375  1.9 
 2.22035  0.50125  1.9 

# Contour 13, label: 
 2.11989  0.80625  1.9 
 2.11917  0.80375  1.9 
 2.11875  0.802522  1.9 
 2.11835  0.80125  1.9 
 2.11748  0.79875  1.9 
 2.11654  0.79625  1.9 
 2.11625  0.795481  1.9 
 2.1157  0.79375  1.9 
 2.11491  0.79125  1.9 
 2.11417  0.78875  1.9 
 2.11375  0.787205  1.9 
 2.11354  0.78625  1.9 
 2.11305  0.78375  1.9 
 2.11263  0.78125  1.9 
 2.11228  0.77875  1.9 
 2.11197  0.77625  1.9 
 2.11169  0.77375  1.9 
 2.11142  0.77125  1.9 
 2.11125  0.7696  1.9 
 2.11118  0.76875  1.9 
 2.11098  0.76625  1.9 
 2.1108  0.76375  1.9 
 2.11067  0.76125  1.9 
 2.11058  0.75875  1.9 
 2.11052  0.75625  1.9 
 2.11049  0.75375  1.9 
 2.11047  0.75125  1.9 
 2.11044  0.74875  1.9 
 2.1104  0.74625  1.9 
 2.11032  0.74375  1.9 
 2.11021  0.74125  1.9 
 2.11004  0.73875  1.9 
 2.10982  0.73625  1.9 
 2.10956  0.73375  1.9 
 2.10927  0.73125  1.9 
 2.10898  0.72875  1.9 
 2.10875  0.726373  1.9 
 2.10874  0.72625  1.9 
 2.10858  0.72375  1.9 
 2.10847  0.72125  1.9 
 2.1084  0.71875  1.9 
 2.10838  0.71625  1.9 
 2.10839  0.71375  1.9 
 2.10847  0.71125  1.9 
 2.10859  0.70875  1.9 
 2.10875  0.706414  1.9 
 2.10876  0.70625  1.9 
 2.109  0.70375  1.9 
 2.10929  0.70125  1.9 
 2.10962  0.69875  1.9 
 2.10999  0.69625  1.9 
 2.11038  0.69375  1.9 
 2.11079  0.69125  1.9 
 2.11124  0.68875  1.9 
 2.11125  0.688675  1.9 
 2.11172  0.68625  1.9 
 2.11219  0.68375  1.9 
 2.11266  0.68125  1.9 
 2.11316  0.67875  1.9 
 2.11368  0.67625  1.9 
 2.11375  0.675918  1.9 
 2.11418  0.67375  1.9 
 2.11468  0.67125  1.9 
 2.11522  0.66875  1.9 
 2.11579  0.66625  1.9 
 2.11625  0.664345  1.9 
 2.11639  0.66375  1.9 
 2.11697  0.66125  1.9 
 2.11758  0.65875  1.9 
 2.11823  0.65625  1.9 
 2.11875  0.654379  1.9 
 2.11891  0.65375  1.9 
 2.11958  0.65125  1.9 
 2.12029  0.64875  1.9 
 2.12104  0.64625  1.9 
 2.12125  0.645556  1.9 
 2.12177  0.64375  1.9 
 2.12251  0.64125  1.9 
 2.12329  0.63875  1.9 
 2.12375  0.637351  1.9 
 2.12409  0.63625  1.9 
 2.1249  0.63375  1.9 
 2.12579  0.63125  1.9 
 2.12625  0.630057  1.9 
 2.12673  0.62875  1.9 
 2.12772  0.62625  1.9 
 2.12875  0.624027  1.9 
 2.12887  0.62375  1.9 
 2.13008  0.62125  1.9 
 2.13125  0.619168  1.9 
 2.13148  0.61875  1.9 
 2.13296  0.61625  1.9 
 2.13375  0.615077  1.9 
 2.1346  0.61375  1.9 
 2.13625  0.611448  1.9 
 2.13639  0.61125  1.9 
 2.1382  0.60875  1.9 
 2.13875  0.608044  1.9 
 2.14008  0.60625  1.9 

# Contour 14, label: 
 2.13578  0.99875  1.9 
 2.13577  0.99625  1.9 
 2.13576  0.99375  1.9 
 2.13574  0.99125  1.9 
 2.13573  0.98875  1.9 
 2.13571  0.98625  1.9 
 2.13569  0.98375  1.9 
 2.13565  0.98125  1.9 
 2.13557  0.97875  1.9 
 2.13547  0.97625  1.9 
 2.13535  0.97375  1.9 
 2.13521  0.97125  1.9 
 2.13507  0.96875  1.9 
 2.13497  0.96625  1.9 
 2.13492  0.96375  1.9 
 2.13492  0.96125  1.9 
 2.13495  0.95875  1.9 
 2.13504  0.95625  1.9 
 2.1352  0.95375  1.9 
 2.13543  0.95125  1.9 
 2.13575  0.94875  1.9 
 2.13609  0.94625  1.9 
 2.13625  0.945152  1.9 
 2.13647  0.94375  1.9 
 2.13691  0.94125  1.9 
 2.13738  0.93875  1.9 
 2.13787  0.93625  1.9 
 2.13837  0.93375  1.9 
 2.13875  0.931944  1.9 
 2.13889  0.93125  1.9 
 2.1394  0.92875  1.9 
 2.14012  0.92625  1.9 
 2.141  0.92375  1.9 
 2.14125  0.923199  1.9 
 2.142  0.92125  1.9 
 2.14314  0.91875  1.9 
 2.14375  0.917659  1.9 
 2.14449  0.91625  1.9 
 2.14594  0.91375  1.9 
 2.14625  0.913252  1.9 
 2.14732  0.91125  1.9 
 2.14875  0.908962  1.9 
 2.15125  0.910865  1.9 
 2.15206  0.90875  1.9 
 2.15125  0.908362  1.9 
 2.15023  0.90625  1.9 
 2.1509  0.90375  1.9 
 2.15125  0.902442  1.9 
 2.15238  0.90125  1.9 
 2.15222  0.89875  1.9 
 2.15261  0.89625  1.9 
 2.15301  0.89375  1.9 
 2.15303  0.89125  1.9 
 2.15292  0.88875  1.9 
 2.15226  0.88625  1.9 
 2.15127  0.88375  1.9 
 2.15125  0.883708  1.9 
 2.15011  0.88125  1.9 
 2.14875  0.878896  1.9 
 2.14867  0.87875  1.9 
 2.14731  0.87625  1.9 
 2.14625  0.874381  1.9 
 2.14591  0.87375  1.9 
 2.14466  0.87125  1.9 
 2.14375  0.86939  1.9 
 2.14346  0.86875  1.9 
 2.14242  0.86625  1.9 
 2.1414  0.86375  1.9 
 2.14125  0.863369  1.9 
 2.14042  0.86125  1.9 
 2.13934  0.85875  1.9 
 2.13875  0.857469  1.9 
 2.13821  0.85625  1.9 
 2.13708  0.85375  1.9 
 2.13625  0.851983  1.9 
 2.13593  0.85125  1.9 
 2.13482  0.84875  1.9 
 2.13375  0.846568  1.9 
 2.1336  0.84625  1.9 
 2.13236  0.84375  1.9 
 2.13125  0.841852  1.9 
 2.13092  0.84125  1.9 
 2.12948  0.83875  1.9 
 2.12875  0.8375  1.9 
 2.12815  0.83625  1.9 
 2.12705  0.83375  1.9 
 2.12625  0.831736  1.9 
 2.12609  0.83125  1.9 
 2.12532  0.82875  1.9 
 2.12455  0.82625  1.9 
 2.12375  0.82375  1.9 
 2.12309  0.82125  1.9 
 2.12248  0.81875  1.9 
 2.12192  0.81625  1.9 
 2.12141  0.81375  1.9 
 2.12125  0.812929  1.9 
 2.12096  0.81125  1.9 
 2.12047  0.80875  1.9 
 2.11989  0.80625  1.9 

# Contour 15, label: 
 1.76125  0.708097  1.9 
 1.76032  0.70625  1.9 
 1.75883  0.70375  1.9 
 1.75875  0.703622  1.9 
 1.75754  0.70125  1.9 
 1.75625  0.699096  1.9 
 1.75606  0.69875  1.9 
 1.75477  0.69625  1.9 
 1.75375  0.694458  1.9 
 1.75342  0.69375  1.9 
 1.75238  0.69125  1.9 
 1.75136  0.68875  1.9 
 1.75125  0.688455  1.9 
 1.75081  0.68625  1.9 
 1.75043  0.68375  1.9 
 1.7501  0.68125  1.9 
 1.74981  0.67875  1.9 
 1.74953  0.67625  1.9 
 1.74925  0.67375  1.9 
 1.74896  0.67125  1.9 
 1.74875  0.669475  1.9 
 1.74871  0.66875  1.9 
 1.74857  0.66625  1.9 
 1.74844  0.66375  1.9 
 1.7483  0.66125  1.9 
 1.74815  0.65875  1.9 
 1.748  0.65625  1.9 
 1.74784  0.65375  1.9 
 1.74768  0.65125  1.9 
 1.74751  0.64875  1.9 
 1.74733  0.64625  1.9 
 1.74714  0.64375  1.9 
 1.74694  0.64125  1.9 
 1.74673  0.63875  1.9 
 1.74652  0.63625  1.9 
 1.74629  0.63375  1.9 
 1.74625  0.633357  1.9 
 1.74616  0.63125  1.9 
 1.74605  0.62875  1.9 
 1.74594  0.62625  1.9 
 1.74583  0.62375  1.9 
 1.74571  0.62125  1.9 
 1.7456  0.61875  1.9 
 1.74548  0.61625  1.9 
 1.74535  0.61375  1.9 
 1.74523  0.61125  1.9 
 1.7451  0.60875  1.9 
 1.74497  0.60625  1.9 
 1.74484  0.60375  1.9 
 1.7447  0.60125  1.9 
 1.74456  0.59875  1.9 
 1.74442  0.59625  1.9 
 1.74427  0.59375  1.9 
 1.74412  0.59125  1.9 
 1.74397  0.58875  1.9 
 1.74382  0.58625  1.9 
 1.74375  0.58513  1.9 
 1.74371  0.58375  1.9 
 1.74364  0.58125  1.9 
 1.74357  0.57875  1.9 
 1.7435  0.57625  1.9 
 1.74343  0.57375  1.9 
 1.74337  0.57125  1.9 
 1.7433  0.56875  1.9 
 1.74324  0.56625  1.9 
 1.74318  0.56375  1.9 
 1.74311  0.56125  1.9 
 1.74305  0.55875  1.9 
 1.74299  0.55625  1.9 
 1.74293  0.55375  1.9 
 1.74288  0.55125  1.9 
 1.74282  0.54875  1.9 
 1.74277  0.54625  1.9 
 1.74272  0.54375  1.9 
 1.74267  0.54125  1.9 
 1.74262  0.53875  1.9 
 1.74257  0.53625  1.9 
 1.74253  0.53375  1.9 
 1.74249  0.53125  1.9 
 1.74245  0.52875  1.9 
 1.74242  0.52625  1.9 
 1.74239  0.52375  1.9 
 1.74236  0.52125  1.9 
 1.74233  0.51875  1.9 
 1.74231  0.51625  1.9 
 1.74229  0.51375  1.9 
 1.74227  0.51125  1.9 
 1.74226  0.50875  1.9 
 1.74225  0.50625  1.9 
 1.74224  0.50375  1.9 
 1.74224  0.50125  1.9 

# Contour 16, label: 
 1.85875  0.857681  1.9 
 1.85776  0.85625  1.9 
 1.85625  0.854328  1.9 
 1.85585  0.85375  1.9 
 1.85396  0.85125  1.9 
 1.85375  0.850979  1.9 
 1.85221  0.84875  1.9 
 1.85125  0.847525  1.9 
 1.85038  0.84625  1.9 
 1.84875  0.844141  1.9 
 1.84849  0.84375  1.9 
 1.84669  0.84125  1.9 
 1.84625  0.840681  1.9 
 1.84496  0.83875  1.9 
 1.84375  0.837175  1.9 
 1.84314  0.83625  1.9 
 1.84125  0.83375  1.9 
 1.83961  0.83125  1.9 
 1.83875  0.83012  1.9 
 1.83787  0.82875  1.9 
 1.83625  0.826591  1.9 
 1.83603  0.82625  1.9 
 1.83434  0.82375  1.9 
 1.83375  0.822985  1.9 
 1.83264  0.82125  1.9 
 1.83125  0.819402  1.9 
 1.83084  0.81875  1.9 
 1.82906  0.81625  1.9 
 1.82875  0.815851  1.9 
 1.82739  0.81375  1.9 
 1.82625  0.812271  1.9 
 1.8256  0.81125  1.9 
 1.82375  0.808767  1.9 
 1.82374  0.80875  1.9 
 1.82209  0.80625  1.9 
 1.82125  0.80516  1.9 
 1.82035  0.80375  1.9 
 1.81875  0.801599  1.9 
 1.81853  0.80125  1.9 
 1.81685  0.79875  1.9 
 1.81625  0.797963  1.9 
 1.81517  0.79625  1.9 
 1.81375  0.794321  1.9 
 1.8134  0.79375  1.9 
 1.81171  0.79125  1.9 
 1.81125  0.79063  1.9 
 1.81008  0.78875  1.9 
 1.80875  0.786907  1.9 
 1.80835  0.78625  1.9 
 1.80669  0.78375  1.9 
 1.80625  0.783146  1.9 
 1.8051  0.78125  1.9 
 1.80375  0.779345  1.9 
 1.80339  0.77875  1.9 
 1.80179  0.77625  1.9 
 1.80125  0.775494  1.9 
 1.80021  0.77375  1.9 
 1.79875  0.771634  1.9 
 1.79852  0.77125  1.9 
 1.797  0.76875  1.9 
 1.79625  0.767677  1.9 
 1.79542  0.76625  1.9 
 1.79375  0.763778  1.9 
 1.79373  0.76375  1.9 
 1.79229  0.76125  1.9 
 1.79125  0.759711  1.9 
 1.7907  0.75875  1.9 
 1.78914  0.75625  1.9 
 1.78875  0.75568  1.9 
 1.78766  0.75375  1.9 
 1.78625  0.751608  1.9 
 1.78604  0.75125  1.9 
 1.78461  0.74875  1.9 
 1.78375  0.747437  1.9 
 1.78309  0.74625  1.9 
 1.78156  0.74375  1.9 
 1.78125  0.743283  1.9 
 1.78014  0.74125  1.9 
 1.77875  0.739066  1.9 
 1.77857  0.73875  1.9 
 1.77721  0.73625  1.9 
 1.77625  0.734747  1.9 
 1.77571  0.73375  1.9 
 1.77428  0.73125  1.9 
 1.77375  0.730415  1.9 
 1.77288  0.72875  1.9 
 1.77136  0.72625  1.9 
 1.77125  0.726071  1.9 
 1.77006  0.72375  1.9 
 1.76875  0.721623  1.9 
 1.76855  0.72125  1.9 
 1.76725  0.71875  1.9 
 1.76625  0.717121  1.9 
 1.7658  0.71625  1.9 
 1.76445  0.71375  1.9 
 1.76375  0.712606  1.9 
 1.76306  0.71125  1.9 
 1.76165  0.70875  1.9 
 1.76125  0.708097  1.9 

# Contour 17, label: 
 1.96316  0.99875  1.9 
 1.96276  0.99625  1.9 
 1.96212  0.99375  1.9 
 1.96125  0.991392  1.9 
 1.96119  0.99125  1.9 
 1.96002  0.98875  1.9 
 1.95875  0.986545  1.9 
 1.95857  0.98625  1.9 
 1.95691  0.98375  1.9 
 1.95625  0.98283  1.9 
 1.95509  0.98125  1.9 
 1.95375  0.979528  1.9 
 1.95315  0.97875  1.9 
 1.95125  0.976412  1.9 
 1.95112  0.97625  1.9 
 1.94909  0.97375  1.9 
 1.94875  0.973345  1.9 
 1.94704  0.97125  1.9 
 1.94625  0.970325  1.9 
 1.94496  0.96875  1.9 
 1.94375  0.96735  1.9 
 1.94284  0.96625  1.9 
 1.94125  0.964404  1.9 
 1.94071  0.96375  1.9 
 1.93875  0.961489  1.9 
 1.93855  0.96125  1.9 
 1.9364  0.95875  1.9 
 1.93625  0.958578  1.9 
 1.93428  0.95625  1.9 
 1.93375  0.955661  1.9 
 1.93212  0.95375  1.9 
 1.93125  0.952785  1.9 
 1.92993  0.95125  1.9 
 1.92875  0.949942  1.9 
 1.92773  0.94875  1.9 
 1.92625  0.947122  1.9 
 1.92551  0.94625  1.9 
 1.92375  0.944313  1.9 
 1.92327  0.94375  1.9 
 1.92125  0.9415  1.9 
 1.92104  0.94125  1.9 
 1.91883  0.93875  1.9 
 1.91875  0.93866  1.9 
 1.91671  0.93625  1.9 
 1.91625  0.935748  1.9 
 1.91459  0.93375  1.9 
 1.91375  0.932809  1.9 
 1.91248  0.93125  1.9 
 1.91125  0.929841  1.9 
 1.91038  0.92875  1.9 
 1.90875  0.926844  1.9 
 1.90829  0.92625  1.9 
 1.90625  0.923816  1.9 
 1.9062  0.92375  1.9 
 1.90426  0.92125  1.9 
 1.90375  0.920641  1.9 
 1.90233  0.91875  1.9 
 1.90125  0.917425  1.9 
 1.90039  0.91625  1.9 
 1.89875  0.914183  1.9 
 1.89844  0.91375  1.9 
 1.89658  0.91125  1.9 
 1.89625  0.910832  1.9 
 1.89481  0.90875  1.9 
 1.89375  0.907354  1.9 
 1.89301  0.90625  1.9 
 1.89125  0.903883  1.9 
 1.89116  0.90375  1.9 
 1.8895  0.90125  1.9 
 1.88875  0.900224  1.9 
 1.88779  0.89875  1.9 
 1.88625  0.896612  1.9 
 1.88602  0.89625  1.9 
 1.88435  0.89375  1.9 
 1.88375  0.892909  1.9 
 1.88269  0.89125  1.9 
 1.88125  0.889246  1.9 
 1.88093  0.88875  1.9 
 1.87924  0.88625  1.9 
 1.87875  0.885572  1.9 
 1.87757  0.88375  1.9 
 1.87625  0.881931  1.9 
 1.8758  0.88125  1.9 
 1.87403  0.87875  1.9 
 1.87375  0.878366  1.9 
 1.87235  0.87625  1.9 
 1.87125  0.874781  1.9 
 1.87056  0.87375  1.9 
 1.86875  0.871356  1.9 
 1.86868  0.87125  1.9 
 1.86694  0.86875  1.9 
 1.86625  0.867848  1.9 
 1.86515  0.86625  1.9 
 1.86375  0.864446  1.9 
 1.86327  0.86375  1.9 
 1.86135  0.86125  1.9 
 1.86125  0.861118  1.9 
 1.85959  0.85875  1.9 
 1.85875  0.857681  1.9 


# Contour 18, label:      1.8
 2.66875  0.664955  1.8 
 2.66732  0.66375  1.8 
 2.66625  0.662434  1.8 
 2.66551  0.66125  1.8 
 2.66375  0.658886  1.8 
 2.66365  0.65875  1.8 
 2.66125  0.657333  1.8 
 2.66026  0.65625  1.8 
 2.66064  0.65375  1.8 
 2.66125  0.652757  1.8 
 2.66226  0.65125  1.8 
 2.66375  0.64985  1.8 
 2.66508  0.65125  1.8 
 2.66625  0.652424  1.8 
 2.66691  0.65375  1.8 
 2.66875  0.656171  1.8 
 2.66895  0.65625  1.8 
 2.66875  0.658558  1.8 
 2.66864  0.65875  1.8 
 2.66837  0.66125  1.8 
 2.66875  0.66152  1.8 
 2.67125  0.6619  1.8 
 2.67263  0.66375  1.8 
 2.67125  0.665577  1.8 
 2.66875  0.664955  1.8 

# Contour 19, label: 
 2.43875  0.581457  1.8 
 2.43856  0.58125  1.8 
 2.43625  0.57904  1.8 
 2.43598  0.57875  1.8 
 2.43375  0.576859  1.8 
 2.43307  0.57625  1.8 
 2.43125  0.575056  1.8 
 2.42919  0.57375  1.8 
 2.42875  0.573539  1.8 
 2.42625  0.572362  1.8 
 2.42388  0.57125  1.8 
 2.42375  0.571199  1.8 
 2.42125  0.570154  1.8 
 2.41875  0.568944  1.8 
 2.41841  0.56875  1.8 
 2.41625  0.567631  1.8 
 2.41411  0.56625  1.8 
 2.41375  0.566017  1.8 
 2.41125  0.56417  1.8 
 2.41075  0.56375  1.8 
 2.40875  0.562026  1.8 
 2.40787  0.56125  1.8 
 2.40625  0.559692  1.8 
 2.40525  0.55875  1.8 
 2.40375  0.55725  1.8 
 2.40271  0.55625  1.8 
 2.40125  0.554819  1.8 
 2.4001  0.55375  1.8 
 2.39875  0.552497  1.8 
 2.39735  0.55125  1.8 
 2.39625  0.550267  1.8 
 2.3945  0.54875  1.8 
 2.39375  0.548092  1.8 
 2.3916  0.54625  1.8 
 2.39125  0.545945  1.8 
 2.38875  0.543815  1.8 
 2.38867  0.54375  1.8 
 2.38625  0.541659  1.8 
 2.38577  0.54125  1.8 
 2.38375  0.539425  1.8 
 2.38301  0.53875  1.8 
 2.38125  0.536971  1.8 
 2.38057  0.53625  1.8 
 2.37875  0.533962  1.8 
 2.37859  0.53375  1.8 
 2.3772  0.53125  1.8 
 2.37625  0.528856  1.8 
 2.37621  0.52875  1.8 
 2.37563  0.52625  1.8 
 2.37521  0.52375  1.8 
 2.37487  0.52125  1.8 
 2.37444  0.51875  1.8 
 2.37386  0.51625  1.8 
 2.37375  0.515833  1.8 
 2.37323  0.51375  1.8 
 2.37251  0.51125  1.8 
 2.3718  0.50875  1.8 
 2.37125  0.506511  1.8 
 2.37119  0.50625  1.8 
 2.3708  0.50375  1.8 
 2.37065  0.50125  1.8 

# Contour 20, label: 
 2.33375  0.583946  1.8 
 2.33625  0.585273  1.8 
 2.33805  0.58625  1.8 
 2.33875  0.586643  1.8 
 2.34125  0.588096  1.8 
 2.34235  0.58875  1.8 
 2.34375  0.589597  1.8 
 2.34625  0.591121  1.8 
 2.34646  0.59125  1.8 
 2.34875  0.592642  1.8 
 2.3506  0.59375  1.8 
 2.35125  0.594138  1.8 
 2.35375  0.595585  1.8 
 2.35495  0.59625  1.8 
 2.35625  0.596935  1.8 
 2.35875  0.598188  1.8 
 2.35992  0.59875  1.8 
 2.36125  0.599423  1.8 
 2.36375  0.60067  1.8 
 2.36493  0.60125  1.8 
 2.36625  0.601953  1.8 
 2.36875  0.60326  1.8 
 2.36971  0.60375  1.8 
 2.37125  0.604604  1.8 
 2.37375  0.605948  1.8 
 2.37433  0.60625  1.8 
 2.37625  0.607327  1.8 
 2.37875  0.608706  1.8 
 2.37883  0.60875  1.8 
 2.38125  0.610171  1.8 
 2.38304  0.61125  1.8 
 2.38375  0.611713  1.8 
 2.38625  0.613381  1.8 
 2.38679  0.61375  1.8 
 2.38875  0.615197  1.8 
 2.39016  0.61625  1.8 
 2.39125  0.617112  1.8 
 2.39336  0.61875  1.8 
 2.39375  0.619057  1.8 
 2.39625  0.620912  1.8 
 2.39674  0.62125  1.8 
 2.39875  0.622661  1.8 
 2.40052  0.62375  1.8 
 2.40125  0.624185  1.8 
 2.40375  0.625463  1.8 
 2.40558  0.62625  1.8 
 2.40625  0.626556  1.8 
 2.40875  0.627516  1.8 
 2.41125  0.628312  1.8 
 2.41291  0.62875  1.8 
 2.41375  0.628989  1.8 
 2.41625  0.62958  1.8 
 2.41875  0.630092  1.8 
 2.42125  0.630527  1.8 
 2.42375  0.630893  1.8 
 2.42625  0.631202  1.8 
 2.42677  0.63125  1.8 
 2.42875  0.631443  1.8 
 2.43125  0.631561  1.8 
 2.43375  0.631535  1.8 
 2.43625  0.6313  1.8 
 2.43655  0.63125  1.8 
 2.43875  0.630828  1.8 
 2.44125  0.630142  1.8 
 2.44375  0.629371  1.8 
 2.44601  0.62875  1.8 
 2.44625  0.628677  1.8 
 2.44875  0.628125  1.8 
 2.45125  0.627687  1.8 
 2.45375  0.627219  1.8 
 2.45625  0.626434  1.8 
 2.4566  0.62625  1.8 
 2.45875  0.624632  1.8 
 2.45949  0.62375  1.8 
 2.46077  0.62125  1.8 
 2.46089  0.61875  1.8 
 2.45979  0.61625  1.8 
 2.45875  0.614818  1.8 
 2.4579  0.61375  1.8 
 2.45625  0.612033  1.8 
 2.45549  0.61125  1.8 
 2.45375  0.609513  1.8 
 2.45302  0.60875  1.8 
 2.45125  0.60655  1.8 
 2.45103  0.60625  1.8 
 2.44956  0.60375  1.8 
 2.44875  0.601767  1.8 
 2.44855  0.60125  1.8 
 2.44787  0.59875  1.8 
 2.44733  0.59625  1.8 
 2.44677  0.59375  1.8 
 2.44625  0.591955  1.8 
 2.44605  0.59125  1.8 
 2.44498  0.58875  1.8 
 2.44375  0.58689  1.8 
 2.44332  0.58625  1.8 
 2.44125  0.583953  1.8 
 2.44108  0.58375  1.8 
 2.43875  0.581457  1.8 

# Contour 21, label: 
 2.24308  0.50125  1.8 
 2.24314  0.50375  1.8 
 2.24326  0.50625  1.8 
 2.24344  0.50875  1.8 
 2.24367  0.51125  1.8 
 2.24375  0.511942  1.8 
 2.24397  0.51375  1.8 
 2.2443  0.51625  1.8 
 2.24465  0.51875  1.8 
 2.24498  0.52125  1.8 
 2.24546  0.52375  1.8 
 2.24602  0.52625  1.8 
 2.24625  0.527223  1.8 
 2.24665  0.52875  1.8 
 2.24736  0.53125  1.8 
 2.24811  0.53375  1.8 
 2.24875  0.535823  1.8 
 2.24889  0.53625  1.8 
 2.24962  0.53875  1.8 
 2.25032  0.54125  1.8 
 2.25088  0.54375  1.8 
 2.25118  0.54625  1.8 
 2.25112  0.54875  1.8 
 2.25068  0.55125  1.8 
 2.24983  0.55375  1.8 
 2.2489  0.55625  1.8 
 2.24875  0.557125  1.8 
 2.24846  0.55875  1.8 
 2.2482  0.56125  1.8 
 2.24797  0.56375  1.8 
 2.2478  0.56625  1.8 
 2.24775  0.56875  1.8 
 2.24776  0.57125  1.8 
 2.24779  0.57375  1.8 
 2.24783  0.57625  1.8 
 2.24787  0.57875  1.8 
 2.248  0.58125  1.8 
 2.24825  0.58375  1.8 
 2.24866  0.58625  1.8 
 2.24875  0.586589  1.8 
 2.24926  0.58875  1.8 
 2.25014  0.59125  1.8 
 2.25116  0.59375  1.8 
 2.25125  0.593958  1.8 
 2.25237  0.59625  1.8 
 2.25374  0.59875  1.8 
 2.25375  0.598768  1.8 
 2.25579  0.60125  1.8 
 2.25625  0.601747  1.8 
 2.25875  0.603718  1.8 
 2.25881  0.60375  1.8 
 2.26125  0.605152  1.8 
 2.26375  0.606128  1.8 
 2.26428  0.60625  1.8 
 2.26625  0.606714  1.8 
 2.26875  0.606938  1.8 
 2.27125  0.606844  1.8 
 2.27337  0.60625  1.8 
 2.27375  0.606141  1.8 
 2.27625  0.604736  1.8 
 2.27739  0.60375  1.8 
 2.27875  0.602618  1.8 
 2.27996  0.60125  1.8 
 2.28125  0.599863  1.8 
 2.28206  0.59875  1.8 
 2.28375  0.596512  1.8 
 2.28391  0.59625  1.8 
 2.28554  0.59375  1.8 
 2.28625  0.592699  1.8 
 2.28708  0.59125  1.8 
 2.28859  0.58875  1.8 
 2.28875  0.588496  1.8 
 2.29007  0.58625  1.8 
 2.29125  0.58445  1.8 
 2.29171  0.58375  1.8 
 2.29352  0.58125  1.8 
 2.29375  0.580971  1.8 
 2.29588  0.57875  1.8 
 2.29625  0.578444  1.8 
 2.29875  0.576789  1.8 
 2.2999  0.57625  1.8 
 2.30125  0.575746  1.8 
 2.30375  0.575171  1.8 
 2.30625  0.574933  1.8 
 2.30875  0.574917  1.8 
 2.31125  0.575081  1.8 
 2.31375  0.575456  1.8 
 2.31625  0.576047  1.8 
 2.31688  0.57625  1.8 
 2.31875  0.576894  1.8 
 2.32125  0.577909  1.8 
 2.32315  0.57875  1.8 
 2.32375  0.579029  1.8 
 2.32625  0.580237  1.8 
 2.32835  0.58125  1.8 
 2.32875  0.581446  1.8 
 2.33125  0.582697  1.8 
 2.33337  0.58375  1.8 
 2.33375  0.583946  1.8 

# Contour 22, label: 
 1.75125  0.693139  1.8 
 1.75065  0.69125  1.8 
 1.75005  0.68875  1.8 
 1.74959  0.68625  1.8 
 1.74921  0.68375  1.8 
 1.74886  0.68125  1.8 
 1.74875  0.68043  1.8 
 1.74863  0.67875  1.8 
 1.74848  0.67625  1.8 
 1.74832  0.67375  1.8 
 1.74817  0.67125  1.8 
 1.74801  0.66875  1.8 
 1.74784  0.66625  1.8 
 1.74768  0.66375  1.8 
 1.7475  0.66125  1.8 
 1.74732  0.65875  1.8 
 1.74712  0.65625  1.8 
 1.74692  0.65375  1.8 
 1.7467  0.65125  1.8 
 1.74648  0.64875  1.8 
 1.74625  0.646365  1.8 
 1.74624  0.64625  1.8 
 1.74612  0.64375  1.8 
 1.74599  0.64125  1.8 
 1.74587  0.63875  1.8 
 1.74574  0.63625  1.8 
 1.74562  0.63375  1.8 
 1.74548  0.63125  1.8 
 1.74535  0.62875  1.8 
 1.74521  0.62625  1.8 
 1.74507  0.62375  1.8 
 1.74493  0.62125  1.8 
 1.74478  0.61875  1.8 
 1.74462  0.61625  1.8 
 1.74446  0.61375  1.8 
 1.7443  0.61125  1.8 
 1.74413  0.60875  1.8 
 1.74396  0.60625  1.8 
 1.74378  0.60375  1.8 
 1.74375  0.603303  1.8 
 1.74367  0.60125  1.8 
 1.74358  0.59875  1.8 
 1.74349  0.59625  1.8 
 1.7434  0.59375  1.8 
 1.74331  0.59125  1.8 
 1.74323  0.58875  1.8 
 1.74314  0.58625  1.8 
 1.74306  0.58375  1.8 
 1.74297  0.58125  1.8 
 1.74289  0.57875  1.8 
 1.7428  0.57625  1.8 
 1.74272  0.57375  1.8 
 1.74264  0.57125  1.8 
 1.74255  0.56875  1.8 
 1.74247  0.56625  1.8 
 1.74239  0.56375  1.8 
 1.74231  0.56125  1.8 
 1.74223  0.55875  1.8 
 1.74216  0.55625  1.8 
 1.74208  0.55375  1.8 
 1.74201  0.55125  1.8 
 1.74193  0.54875  1.8 
 1.74186  0.54625  1.8 
 1.7418  0.54375  1.8 
 1.74173  0.54125  1.8 
 1.74167  0.53875  1.8 
 1.74161  0.53625  1.8 
 1.74155  0.53375  1.8 
 1.7415  0.53125  1.8 
 1.74145  0.52875  1.8 
 1.7414  0.52625  1.8 
 1.74136  0.52375  1.8 
 1.74132  0.52125  1.8 
 1.74128  0.51875  1.8 
 1.74125  0.51625  1.8 
 1.74125  0.515931  1.8 
 1.74124  0.51375  1.8 
 1.74123  0.51125  1.8 
 1.74122  0.50875  1.8 
 1.74121  0.50625  1.8 
 1.7412  0.50375  1.8 
 1.7412  0.50125  1.8 

# Contour 23, label: 
 1.84385  0.84625  1.8 
 1.84375  0.846107  1.8 
 1.8422  0.84375  1.8 
 1.84125  0.842412  1.8 
 1.84047  0.84125  1.8 
 1.83875  0.838751  1.8 
 1.83714  0.83625  1.8 
 1.83625  0.834976  1.8 
 1.83544  0.83375  1.8 
 1.83376  0.83125  1.8 
 1.83375  0.831239  1.8 
 1.83219  0.82875  1.8 
 1.83125  0.827378  1.8 
 1.83052  0.82625  1.8 
 1.8289  0.82375  1.8 
 1.82875  0.823527  1.8 
 1.82735  0.82125  1.8 
 1.82625  0.819595  1.8 
 1.82571  0.81875  1.8 
 1.82417  0.81625  1.8 
 1.82375  0.815625  1.8 
 1.8226  0.81375  1.8 
 1.82125  0.811654  1.8 
 1.82099  0.81125  1.8 
 1.8195  0.80875  1.8 
 1.81875  0.807624  1.8 
 1.8179  0.80625  1.8 
 1.81635  0.80375  1.8 
 1.81625  0.803607  1.8 
 1.81481  0.80125  1.8 
 1.81375  0.799615  1.8 
 1.8132  0.79875  1.8 
 1.81169  0.79625  1.8 
 1.81125  0.795593  1.8 
 1.81009  0.79375  1.8 
 1.80875  0.791619  1.8 
 1.80851  0.79125  1.8 
 1.80698  0.78875  1.8 
 1.80625  0.787631  1.8 
 1.80536  0.78625  1.8 
 1.80384  0.78375  1.8 
 1.80375  0.783613  1.8 
 1.80226  0.78125  1.8 
 1.80125  0.779653  1.8 
 1.80066  0.77875  1.8 
 1.79917  0.77625  1.8 
 1.79875  0.775608  1.8 
 1.79757  0.77375  1.8 
 1.79625  0.771587  1.8 
 1.79603  0.77125  1.8 
 1.79452  0.76875  1.8 
 1.79375  0.76754  1.8 
 1.79292  0.76625  1.8 
 1.79146  0.76375  1.8 
 1.79125  0.763426  1.8 
 1.78989  0.76125  1.8 
 1.78875  0.759352  1.8 
 1.78836  0.75875  1.8 
 1.7869  0.75625  1.8 
 1.78625  0.755203  1.8 
 1.78533  0.75375  1.8 
 1.78391  0.75125  1.8 
 1.78375  0.751  1.8 
 1.78238  0.74875  1.8 
 1.78125  0.746822  1.8 
 1.78088  0.74625  1.8 
 1.77947  0.74375  1.8 
 1.77875  0.742562  1.8 
 1.77793  0.74125  1.8 
 1.77657  0.73875  1.8 
 1.77625  0.738232  1.8 
 1.77506  0.73625  1.8 
 1.77375  0.733882  1.8 
 1.77367  0.73375  1.8 
 1.77224  0.73125  1.8 
 1.77125  0.729502  1.8 
 1.77079  0.72875  1.8 
 1.76945  0.72625  1.8 
 1.76875  0.725041  1.8 
 1.76798  0.72375  1.8 
 1.76667  0.72125  1.8 
 1.76625  0.720525  1.8 
 1.76522  0.71875  1.8 
 1.76391  0.71625  1.8 
 1.76375  0.715976  1.8 
 1.76249  0.71375  1.8 
 1.76125  0.71144  1.8 
 1.76113  0.71125  1.8 
 1.75976  0.70875  1.8 
 1.75875  0.706934  1.8 
 1.75833  0.70625  1.8 
 1.75699  0.70375  1.8 
 1.75625  0.702492  1.8 
 1.75549  0.70125  1.8 
 1.7541  0.69875  1.8 
 1.75375  0.698144  1.8 
 1.75273  0.69625  1.8 
 1.75153  0.69375  1.8 
 1.75125  0.693139  1.8 

# Contour 24, label: 
 1.93754  0.99875  1.8 
 1.93741  0.99625  1.8 
 1.93713  0.99375  1.8 
 1.93672  0.99125  1.8 
 1.93625  0.989073  1.8 
 1.93618  0.98875  1.8 
 1.93544  0.98625  1.8 
 1.93459  0.98375  1.8 
 1.93375  0.98151  1.8 
 1.93365  0.98125  1.8 
 1.93252  0.97875  1.8 
 1.93137  0.97625  1.8 
 1.93125  0.976017  1.8 
 1.93006  0.97375  1.8 
 1.92877  0.97125  1.8 
 1.92875  0.971224  1.8 
 1.92728  0.96875  1.8 
 1.92625  0.966978  1.8 
 1.92582  0.96625  1.8 
 1.92427  0.96375  1.8 
 1.92375  0.962936  1.8 
 1.92266  0.96125  1.8 
 1.92125  0.959002  1.8 
 1.92109  0.95875  1.8 
 1.91939  0.95625  1.8 
 1.91875  0.955306  1.8 
 1.91769  0.95375  1.8 
 1.91625  0.951569  1.8 
 1.91604  0.95125  1.8 
 1.91428  0.94875  1.8 
 1.91375  0.947983  1.8 
 1.91253  0.94625  1.8 
 1.91125  0.944359  1.8 
 1.91083  0.94375  1.8 
 1.90909  0.94125  1.8 
 1.90875  0.94076  1.8 
 1.90731  0.93875  1.8 
 1.90625  0.93719  1.8 
 1.90559  0.93625  1.8 
 1.90391  0.93375  1.8 
 1.90375  0.933527  1.8 
 1.90212  0.93125  1.8 
 1.90125  0.92997  1.8 
 1.9004  0.92875  1.8 
 1.89877  0.92625  1.8 
 1.89875  0.926224  1.8 
 1.89699  0.92375  1.8 
 1.89625  0.922656  1.8 
 1.89528  0.92125  1.8 
 1.89375  0.918875  1.8 
 1.89367  0.91875  1.8 
 1.89197  0.91625  1.8 
 1.89125  0.915174  1.8 
 1.89028  0.91375  1.8 
 1.88875  0.91134  1.8 
 1.88869  0.91125  1.8 
 1.88702  0.90875  1.8 
 1.88625  0.9076  1.8 
 1.88533  0.90625  1.8 
 1.88375  0.903792  1.8 
 1.88372  0.90375  1.8 
 1.88205  0.90125  1.8 
 1.88125  0.900082  1.8 
 1.88034  0.89875  1.8 
 1.87875  0.896358  1.8 
 1.87867  0.89625  1.8 
 1.877  0.89375  1.8 
 1.87625  0.892686  1.8 
 1.87526  0.89125  1.8 
 1.87375  0.889059  1.8 
 1.87353  0.88875  1.8 
 1.87185  0.88625  1.8 
 1.87125  0.88542  1.8 
 1.87009  0.88375  1.8 
 1.86875  0.881861  1.8 
 1.86832  0.88125  1.8 
 1.8666  0.87875  1.8 
 1.86625  0.878269  1.8 
 1.86485  0.87625  1.8 
 1.86375  0.874727  1.8 
 1.86306  0.87375  1.8 
 1.86129  0.87125  1.8 
 1.86125  0.871199  1.8 
 1.85958  0.86875  1.8 
 1.85875  0.867624  1.8 
 1.85779  0.86625  1.8 
 1.85625  0.864105  1.8 
 1.856  0.86375  1.8 
 1.85429  0.86125  1.8 
 1.85375  0.86051  1.8 
 1.85255  0.85875  1.8 
 1.85125  0.856952  1.8 
 1.85076  0.85625  1.8 
 1.84904  0.85375  1.8 
 1.84875  0.85335  1.8 
 1.84734  0.85125  1.8 
 1.84625  0.849727  1.8 
 1.84558  0.84875  1.8 
 1.84385  0.84625  1.8 


# Contour 25, label:      1.7
 2.27203  0.50125  1.7 
 2.27231  0.50375  1.7 
 2.27277  0.50625  1.7 
 2.27344  0.50875  1.7 
 2.27375  0.509651  1.7 
 2.27432  0.51125  1.7 
 2.27542  0.51375  1.7 
 2.27625  0.515342  1.7 
 2.27675  0.51625  1.7 
 2.27835  0.51875  1.7 
 2.27875  0.51931  1.7 
 2.28023  0.52125  1.7 
 2.28125  0.52249  1.7 
 2.28234  0.52375  1.7 
 2.28375  0.525365  1.7 
 2.28455  0.52625  1.7 
 2.28625  0.528069  1.7 
 2.28691  0.52875  1.7 
 2.28875  0.53055  1.7 
 2.28951  0.53125  1.7 
 2.29125  0.53276  1.7 
 2.29251  0.53375  1.7 
 2.29375  0.534658  1.7 
 2.29625  0.536242  1.7 
 2.29875  0.537479  1.7 
 2.30125  0.538441  1.7 
 2.30235  0.53875  1.7 
 2.30375  0.539132  1.7 
 2.30625  0.539594  1.7 
 2.30875  0.539876  1.7 
 2.31125  0.54002  1.7 
 2.31375  0.54007  1.7 
 2.31625  0.540035  1.7 
 2.31875  0.539903  1.7 
 2.32125  0.539627  1.7 
 2.32375  0.539134  1.7 
 2.32502  0.53875  1.7 
 2.32625  0.538285  1.7 
 2.32875  0.536852  1.7 
 2.32951  0.53625  1.7 
 2.33125  0.534307  1.7 
 2.33162  0.53375  1.7 
 2.33277  0.53125  1.7 
 2.33338  0.52875  1.7 
 2.33362  0.52625  1.7 
 2.33363  0.52375  1.7 
 2.33352  0.52125  1.7 
 2.33339  0.51875  1.7 
 2.33327  0.51625  1.7 
 2.3332  0.51375  1.7 
 2.33318  0.51125  1.7 
 2.3332  0.50875  1.7 
 2.33326  0.50625  1.7 
 2.33332  0.50375  1.7 
 2.33334  0.50125  1.7 

# Contour 26, label: 
 1.74526  0.63875  1.7 
 1.74511  0.63625  1.7 
 1.74496  0.63375  1.7 
 1.74481  0.63125  1.7 
 1.74465  0.62875  1.7 
 1.74448  0.62625  1.7 
 1.74432  0.62375  1.7 
 1.74414  0.62125  1.7 
 1.74396  0.61875  1.7 
 1.74377  0.61625  1.7 
 1.74375  0.616017  1.7 
 1.74364  0.61375  1.7 
 1.74352  0.61125  1.7 
 1.74341  0.60875  1.7 
 1.74331  0.60625  1.7 
 1.7432  0.60375  1.7 
 1.7431  0.60125  1.7 
 1.743  0.59875  1.7 
 1.7429  0.59625  1.7 
 1.7428  0.59375  1.7 
 1.7427  0.59125  1.7 
 1.74261  0.58875  1.7 
 1.74251  0.58625  1.7 
 1.74241  0.58375  1.7 
 1.74231  0.58125  1.7 
 1.74221  0.57875  1.7 
 1.7421  0.57625  1.7 
 1.742  0.57375  1.7 
 1.7419  0.57125  1.7 
 1.7418  0.56875  1.7 
 1.7417  0.56625  1.7 
 1.7416  0.56375  1.7 
 1.74151  0.56125  1.7 
 1.74141  0.55875  1.7 
 1.74132  0.55625  1.7 
 1.74125  0.554412  1.7 
 1.74123  0.55375  1.7 
 1.74118  0.55125  1.7 
 1.74112  0.54875  1.7 
 1.74107  0.54625  1.7 
 1.74102  0.54375  1.7 
 1.74098  0.54125  1.7 
 1.74094  0.53875  1.7 
 1.7409  0.53625  1.7 
 1.74087  0.53375  1.7 
 1.74083  0.53125  1.7 
 1.7408  0.52875  1.7 
 1.74077  0.52625  1.7 
 1.74075  0.52375  1.7 
 1.74073  0.52125  1.7 
 1.74071  0.51875  1.7 
 1.74069  0.51625  1.7 
 1.74067  0.51375  1.7 
 1.74066  0.51125  1.7 
 1.74065  0.50875  1.7 
 1.74064  0.50625  1.7 
 1.74064  0.50375  1.7 
 1.74064  0.50125  1.7 

# Contour 27, label: 
 1.81832  0.81375  1.7 
 1.81681  0.81125  1.7 
 1.81625  0.810202  1.7 
 1.81531  0.80875  1.7 
 1.81394  0.80625  1.7 
 1.81375  0.805888  1.7 
 1.81236  0.80375  1.7 
 1.81125  0.801619  1.7 
 1.81101  0.80125  1.7 
 1.80945  0.79875  1.7 
 1.80875  0.79743  1.7 
 1.80798  0.79625  1.7 
 1.80656  0.79375  1.7 
 1.80625  0.793165  1.7 
 1.80499  0.79125  1.7 
 1.80375  0.788872  1.7 
 1.80367  0.78875  1.7 
 1.80204  0.78625  1.7 
 1.80125  0.784762  1.7 
 1.80059  0.78375  1.7 
 1.79912  0.78125  1.7 
 1.79875  0.780547  1.7 
 1.79756  0.77875  1.7 
 1.79625  0.77625  1.7 
 1.79458  0.77375  1.7 
 1.79375  0.772161  1.7 
 1.79315  0.77125  1.7 
 1.79167  0.76875  1.7 
 1.79125  0.767957  1.7 
 1.79011  0.76625  1.7 
 1.7888  0.76375  1.7 
 1.78875  0.763651  1.7 
 1.78715  0.76125  1.7 
 1.78625  0.759503  1.7 
 1.78575  0.75875  1.7 
 1.78425  0.75625  1.7 
 1.78375  0.755271  1.7 
 1.78274  0.75375  1.7 
 1.78141  0.75125  1.7 
 1.78125  0.750933  1.7 
 1.77981  0.74875  1.7 
 1.77875  0.746613  1.7 
 1.77851  0.74625  1.7 
 1.77695  0.74375  1.7 
 1.77625  0.742319  1.7 
 1.77556  0.74125  1.7 
 1.77416  0.73875  1.7 
 1.77375  0.737919  1.7 
 1.77267  0.73625  1.7 
 1.77142  0.73375  1.7 
 1.77125  0.733418  1.7 
 1.76986  0.73125  1.7 
 1.76875  0.728875  1.7 
 1.76867  0.72875  1.7 
 1.76711  0.72625  1.7 
 1.76625  0.7244  1.7 
 1.76584  0.72375  1.7 
 1.7644  0.72125  1.7 
 1.76375  0.719851  1.7 
 1.76306  0.71875  1.7 
 1.76172  0.71625  1.7 
 1.76125  0.715242  1.7 
 1.76031  0.71375  1.7 
 1.75906  0.71125  1.7 
 1.75875  0.710615  1.7 
 1.75757  0.70875  1.7 
 1.75636  0.70625  1.7 
 1.75625  0.706028  1.7 
 1.7548  0.70375  1.7 
 1.75375  0.701621  1.7 
 1.75354  0.70125  1.7 
 1.75212  0.69875  1.7 
 1.75125  0.696986  1.7 
 1.75093  0.69625  1.7 
 1.75001  0.69375  1.7 
 1.74932  0.69125  1.7 
 1.74879  0.68875  1.7 
 1.74875  0.688511  1.7 
 1.74853  0.68625  1.7 
 1.74833  0.68375  1.7 
 1.74815  0.68125  1.7 
 1.74799  0.67875  1.7 
 1.74783  0.67625  1.7 
 1.74766  0.67375  1.7 
 1.74749  0.67125  1.7 
 1.74731  0.66875  1.7 
 1.74711  0.66625  1.7 
 1.74691  0.66375  1.7 
 1.7467  0.66125  1.7 
 1.74648  0.65875  1.7 
 1.74625  0.656319  1.7 
 1.74625  0.65625  1.7 
 1.74609  0.65375  1.7 
 1.74595  0.65125  1.7 
 1.74581  0.64875  1.7 
 1.74567  0.64625  1.7 
 1.74553  0.64375  1.7 
 1.7454  0.64125  1.7 
 1.74526  0.63875  1.7 

# Contour 28, label: 
 1.87683  0.99875  1.7 
 1.87684  0.99625  1.7 
 1.87684  0.99375  1.7 
 1.87685  0.99125  1.7 
 1.87686  0.98875  1.7 
 1.87688  0.98625  1.7 
 1.8769  0.98375  1.7 
 1.87692  0.98125  1.7 
 1.87694  0.97875  1.7 
 1.87697  0.97625  1.7 
 1.877  0.97375  1.7 
 1.87703  0.97125  1.7 
 1.87706  0.96875  1.7 
 1.87709  0.96625  1.7 
 1.87712  0.96375  1.7 
 1.87716  0.96125  1.7 
 1.87719  0.95875  1.7 
 1.87723  0.95625  1.7 
 1.87726  0.95375  1.7 
 1.8773  0.95125  1.7 
 1.87734  0.94875  1.7 
 1.87738  0.94625  1.7 
 1.87742  0.94375  1.7 
 1.87745  0.94125  1.7 
 1.87748  0.93875  1.7 
 1.87749  0.93625  1.7 
 1.87749  0.93375  1.7 
 1.87748  0.93125  1.7 
 1.87743  0.92875  1.7 
 1.87735  0.92625  1.7 
 1.87721  0.92375  1.7 
 1.87701  0.92125  1.7 
 1.87674  0.91875  1.7 
 1.87638  0.91625  1.7 
 1.87625  0.915544  1.7 
 1.87588  0.91375  1.7 
 1.87521  0.91125  1.7 
 1.87447  0.90875  1.7 
 1.87375  0.906467  1.7 
 1.87367  0.90625  1.7 
 1.87262  0.90375  1.7 
 1.8716  0.90125  1.7 
 1.87125  0.900457  1.7 
 1.87041  0.89875  1.7 
 1.8692  0.89625  1.7 
 1.86875  0.895339  1.7 
 1.86787  0.89375  1.7 
 1.86656  0.89125  1.7 
 1.86625  0.890678  1.7 
 1.86508  0.88875  1.7 
 1.86376  0.88625  1.7 
 1.86375  0.886233  1.7 
 1.86214  0.88375  1.7 
 1.86125  0.88216  1.7 
 1.86067  0.88125  1.7 
 1.85914  0.87875  1.7 
 1.85875  0.878088  1.7 
 1.85752  0.87625  1.7 
 1.85625  0.874045  1.7 
 1.85606  0.87375  1.7 
 1.85439  0.87125  1.7 
 1.85375  0.870179  1.7 
 1.85278  0.86875  1.7 
 1.8513  0.86625  1.7 
 1.85125  0.866162  1.7 
 1.84957  0.86375  1.7 
 1.84875  0.862365  1.7 
 1.84799  0.86125  1.7 
 1.84645  0.85875  1.7 
 1.84625  0.858414  1.7 
 1.84475  0.85625  1.7 
 1.84375  0.854564  1.7 
 1.84319  0.85375  1.7 
 1.8416  0.85125  1.7 
 1.84125  0.850658  1.7 
 1.83993  0.84875  1.7 
 1.83875  0.846727  1.7 
 1.83843  0.84625  1.7 
 1.83678  0.84375  1.7 
 1.83625  0.84285  1.7 
 1.83515  0.84125  1.7 
 1.83375  0.838799  1.7 
 1.83372  0.83875  1.7 
 1.832  0.83625  1.7 
 1.83125  0.834939  1.7 
 1.83044  0.83375  1.7 
 1.82896  0.83125  1.7 
 1.82875  0.830878  1.7 
 1.82731  0.82875  1.7 
 1.82625  0.826847  1.7 
 1.82585  0.82625  1.7 
 1.82429  0.82375  1.7 
 1.82375  0.822783  1.7 
 1.82273  0.82125  1.7 
 1.82135  0.81875  1.7 
 1.82125  0.818559  1.7 
 1.81973  0.81625  1.7 
 1.81875  0.814413  1.7 
 1.81832  0.81375  1.7 


# Contour 29, label:      1.6
 1.74057  0.54875  1.6 
 1.74052  0.54625  1.6 
 1.74047  0.54375  1.6 
 1.74043  0.54125  1.6 
 1.74039  0.53875  1.6 
 1.74035  0.53625  1.6 
 1.74031  0.53375  1.6 
 1.74028  0.53125  1.6 
 1.74024  0.52875  1.6 
 1.74022  0.52625  1.6 
 1.74019  0.52375  1.6 
 1.74017  0.52125  1.6 
 1.74014  0.51875  1.6 
 1.74013  0.51625  1.6 
 1.74011  0.51375  1.6 
 1.7401  0.51125  1.6 
 1.74009  0.50875  1.6 
 1.74008  0.50625  1.6 
 1.74007  0.50375  1.6 
 1.74007  0.50125  1.6 

# Contour 30, label: 
 1.77398  0.75875  1.6 
 1.77375  0.757715  1.6 
 1.77336  0.75625  1.6 
 1.77256  0.75375  1.6 
 1.77178  0.75125  1.6 
 1.77125  0.749499  1.6 
 1.77097  0.74875  1.6 
 1.76991  0.74625  1.6 
 1.76901  0.74375  1.6 
 1.76875  0.74302  1.6 
 1.76791  0.74125  1.6 
 1.76683  0.73875  1.6 
 1.76625  0.737175  1.6 
 1.76579  0.73625  1.6 
 1.76456  0.73375  1.6 
 1.76375  0.731571  1.6 
 1.76359  0.73125  1.6 
 1.76224  0.72875  1.6 
 1.76128  0.72625  1.6 
 1.76125  0.726164  1.6 
 1.75988  0.72375  1.6 
 1.75887  0.72125  1.6 
 1.75875  0.720938  1.6 
 1.75751  0.71875  1.6 
 1.75646  0.71625  1.6 
 1.75625  0.715723  1.6 
 1.75519  0.71375  1.6 
 1.75412  0.71125  1.6 
 1.75375  0.710288  1.6 
 1.7531  0.70875  1.6 
 1.75211  0.70625  1.6 
 1.75133  0.70375  1.6 
 1.75125  0.703515  1.6 
 1.75057  0.70125  1.6 
 1.74986  0.69875  1.6 
 1.7492  0.69625  1.6 
 1.74875  0.694608  1.6 
 1.74858  0.69375  1.6 
 1.7482  0.69125  1.6 
 1.74797  0.68875  1.6 
 1.74781  0.68625  1.6 
 1.74765  0.68375  1.6 
 1.7475  0.68125  1.6 
 1.74734  0.67875  1.6 
 1.74718  0.67625  1.6 
 1.747  0.67375  1.6 
 1.74681  0.67125  1.6 
 1.7466  0.66875  1.6 
 1.74639  0.66625  1.6 
 1.74625  0.664762  1.6 
 1.74618  0.66375  1.6 
 1.746  0.66125  1.6 
 1.74584  0.65875  1.6 
 1.74568  0.65625  1.6 
 1.74553  0.65375  1.6 
 1.74539  0.65125  1.6 
 1.74524  0.64875  1.6 
 1.7451  0.64625  1.6 
 1.74495  0.64375  1.6 
 1.7448  0.64125  1.6 
 1.74465  0.63875  1.6 
 1.74448  0.63625  1.6 
 1.74431  0.63375  1.6 
 1.74414  0.63125  1.6 
 1.74395  0.62875  1.6 
 1.74376  0.62625  1.6 
 1.74375  0.626138  1.6 
 1.7436  0.62375  1.6 
 1.74346  0.62125  1.6 
 1.74333  0.61875  1.6 
 1.7432  0.61625  1.6 
 1.74308  0.61375  1.6 
 1.74297  0.61125  1.6 
 1.74286  0.60875  1.6 
 1.74275  0.60625  1.6 
 1.74264  0.60375  1.6 
 1.74253  0.60125  1.6 
 1.74242  0.59875  1.6 
 1.74231  0.59625  1.6 
 1.7422  0.59375  1.6 
 1.74209  0.59125  1.6 
 1.74198  0.58875  1.6 
 1.74187  0.58625  1.6 
 1.74175  0.58375  1.6 
 1.74164  0.58125  1.6 
 1.74152  0.57875  1.6 
 1.7414  0.57625  1.6 
 1.74129  0.57375  1.6 
 1.74125  0.572955  1.6 
 1.74119  0.57125  1.6 
 1.7411  0.56875  1.6 
 1.74102  0.56625  1.6 
 1.74094  0.56375  1.6 
 1.74087  0.56125  1.6 
 1.7408  0.55875  1.6 
 1.74074  0.55625  1.6 
 1.74068  0.55375  1.6 
 1.74062  0.55125  1.6 
 1.74057  0.54875  1.6 

# Contour 31, label: 
 1.7674  0.99875  1.6 
 1.7674  0.99625  1.6 
 1.76742  0.99375  1.6 
 1.76743  0.99125  1.6 
 1.76744  0.98875  1.6 
 1.76745  0.98625  1.6 
 1.76748  0.98375  1.6 
 1.7675  0.98125  1.6 
 1.76752  0.97875  1.6 
 1.76755  0.97625  1.6 
 1.76759  0.97375  1.6 
 1.76763  0.97125  1.6 
 1.76766  0.96875  1.6 
 1.7677  0.96625  1.6 
 1.76775  0.96375  1.6 
 1.7678  0.96125  1.6 
 1.76786  0.95875  1.6 
 1.76792  0.95625  1.6 
 1.76797  0.95375  1.6 
 1.76804  0.95125  1.6 
 1.7681  0.94875  1.6 
 1.76817  0.94625  1.6 
 1.76824  0.94375  1.6 
 1.76832  0.94125  1.6 
 1.76839  0.93875  1.6 
 1.76848  0.93625  1.6 
 1.76856  0.93375  1.6 
 1.76864  0.93125  1.6 
 1.76873  0.92875  1.6 
 1.76875  0.928036  1.6 
 1.76881  0.92625  1.6 
 1.7689  0.92375  1.6 
 1.76899  0.92125  1.6 
 1.76907  0.91875  1.6 
 1.76916  0.91625  1.6 
 1.76926  0.91375  1.6 
 1.76935  0.91125  1.6 
 1.76944  0.90875  1.6 
 1.76954  0.90625  1.6 
 1.76963  0.90375  1.6 
 1.76973  0.90125  1.6 
 1.76983  0.89875  1.6 
 1.76993  0.89625  1.6 
 1.77002  0.89375  1.6 
 1.77012  0.89125  1.6 
 1.77022  0.88875  1.6 
 1.77032  0.88625  1.6 
 1.77042  0.88375  1.6 
 1.77052  0.88125  1.6 
 1.77063  0.87875  1.6 
 1.77073  0.87625  1.6 
 1.77084  0.87375  1.6 
 1.77093  0.87125  1.6 
 1.77104  0.86875  1.6 
 1.77115  0.86625  1.6 
 1.77125  0.864028  1.6 
 1.77126  0.86375  1.6 
 1.77136  0.86125  1.6 
 1.77147  0.85875  1.6 
 1.77158  0.85625  1.6 
 1.77169  0.85375  1.6 
 1.7718  0.85125  1.6 
 1.77191  0.84875  1.6 
 1.77202  0.84625  1.6 
 1.77214  0.84375  1.6 
 1.77225  0.84125  1.6 
 1.77238  0.83875  1.6 
 1.77249  0.83625  1.6 
 1.77261  0.83375  1.6 
 1.77273  0.83125  1.6 
 1.77286  0.82875  1.6 
 1.77298  0.82625  1.6 
 1.77311  0.82375  1.6 
 1.77323  0.82125  1.6 
 1.77336  0.81875  1.6 
 1.77349  0.81625  1.6 
 1.77363  0.81375  1.6 
 1.77375  0.81125  1.6 
 1.77387  0.80875  1.6 
 1.77401  0.80625  1.6 
 1.77413  0.80375  1.6 
 1.77426  0.80125  1.6 
 1.77438  0.79875  1.6 
 1.77452  0.79625  1.6 
 1.77464  0.79375  1.6 
 1.77476  0.79125  1.6 
 1.77489  0.78875  1.6 
 1.775  0.78625  1.6 
 1.77512  0.78375  1.6 
 1.77522  0.78125  1.6 
 1.77532  0.77875  1.6 
 1.77539  0.77625  1.6 
 1.77543  0.77375  1.6 
 1.77542  0.77125  1.6 
 1.77534  0.76875  1.6 
 1.77515  0.76625  1.6 
 1.77486  0.76375  1.6 
 1.77445  0.76125  1.6 
 1.77398  0.75875  1.6 


# Contour 32, label:      1.5
 1.74007  0.55125  1.5 
 1.74002  0.54875  1.5 
 1.73997  0.54625  1.5 
 1.73992  0.54375  1.5 
 1.73987  0.54125  1.5 
 1.73983  0.53875  1.5 
 1.73979  0.53625  1.5 
 1.73975  0.53375  1.5 
 1.73972  0.53125  1.5 
 1.73969  0.52875  1.5 
 1.73966  0.52625  1.5 
 1.73963  0.52375  1.5 
 1.7396  0.52125  1.5 
 1.73958  0.51875  1.5 
 1.73956  0.51625  1.5 
 1.73955  0.51375  1.5 
 1.73953  0.51125  1.5 
 1.73952  0.50875  1.5 
 1.73951  0.50625  1.5 
 1.73951  0.50375  1.5 
 1.7395  0.50125  1.5 

# Contour 33, label: 
 1.73191  0.77375  1.5 
 1.73242  0.77125  1.5 
 1.73286  0.76875  1.5 
 1.73325  0.76625  1.5 
 1.73359  0.76375  1.5 
 1.73375  0.762502  1.5 
 1.73407  0.76125  1.5 
 1.73465  0.75875  1.5 
 1.73516  0.75625  1.5 
 1.73559  0.75375  1.5 
 1.73597  0.75125  1.5 
 1.73625  0.749181  1.5 
 1.73636  0.74875  1.5 
 1.73701  0.74625  1.5 
 1.73756  0.74375  1.5 
 1.73803  0.74125  1.5 
 1.73843  0.73875  1.5 
 1.73875  0.73654  1.5 
 1.73883  0.73625  1.5 
 1.73951  0.73375  1.5 
 1.74009  0.73125  1.5 
 1.74057  0.72875  1.5 
 1.74099  0.72625  1.5 
 1.74125  0.724546  1.5 
 1.74148  0.72375  1.5 
 1.74218  0.72125  1.5 
 1.74277  0.71875  1.5 
 1.74327  0.71625  1.5 
 1.74371  0.71375  1.5 
 1.74375  0.713517  1.5 
 1.74452  0.71125  1.5 
 1.74525  0.70875  1.5 
 1.74587  0.70625  1.5 
 1.74625  0.704493  1.5 
 1.74648  0.70375  1.5 
 1.7471  0.70125  1.5 
 1.74743  0.69875  1.5 
 1.74748  0.69625  1.5 
 1.74734  0.69375  1.5 
 1.74724  0.69125  1.5 
 1.74717  0.68875  1.5 
 1.74709  0.68625  1.5 
 1.74698  0.68375  1.5 
 1.74685  0.68125  1.5 
 1.7467  0.67875  1.5 
 1.74653  0.67625  1.5 
 1.74634  0.67375  1.5 
 1.74625  0.672704  1.5 
 1.74613  0.67125  1.5 
 1.74593  0.66875  1.5 
 1.74575  0.66625  1.5 
 1.74558  0.66375  1.5 
 1.74542  0.66125  1.5 
 1.74527  0.65875  1.5 
 1.74512  0.65625  1.5 
 1.74497  0.65375  1.5 
 1.74483  0.65125  1.5 
 1.74468  0.64875  1.5 
 1.74453  0.64625  1.5 
 1.74437  0.64375  1.5 
 1.74421  0.64125  1.5 
 1.74403  0.63875  1.5 
 1.74385  0.63625  1.5 
 1.74375  0.634892  1.5 
 1.74366  0.63375  1.5 
 1.74348  0.63125  1.5 
 1.74331  0.62875  1.5 
 1.74316  0.62625  1.5 
 1.74302  0.62375  1.5 
 1.74289  0.62125  1.5 
 1.74277  0.61875  1.5 
 1.74264  0.61625  1.5 
 1.74253  0.61375  1.5 
 1.74241  0.61125  1.5 
 1.7423  0.60875  1.5 
 1.74219  0.60625  1.5 
 1.74207  0.60375  1.5 
 1.74196  0.60125  1.5 
 1.74184  0.59875  1.5 
 1.74173  0.59625  1.5 
 1.74161  0.59375  1.5 
 1.74148  0.59125  1.5 
 1.74136  0.58875  1.5 
 1.74125  0.586633  1.5 
 1.74123  0.58625  1.5 
 1.7411  0.58375  1.5 
 1.74099  0.58125  1.5 
 1.74088  0.57875  1.5 
 1.74078  0.57625  1.5 
 1.74068  0.57375  1.5 
 1.7406  0.57125  1.5 
 1.74052  0.56875  1.5 
 1.74044  0.56625  1.5 
 1.74037  0.56375  1.5 
 1.7403  0.56125  1.5 
 1.74024  0.55875  1.5 
 1.74018  0.55625  1.5 
 1.74012  0.55375  1.5 
 1.74007  0.55125  1.5 

# Contour 34, label: 
 1.71223  0.99875  1.5 
 1.71224  0.99625  1.5 
 1.71225  0.99375  1.5 
 1.71227  0.99125  1.5 
 1.71229  0.98875  1.5 
 1.71232  0.98625  1.5 
 1.71235  0.98375  1.5 
 1.71239  0.98125  1.5 
 1.71243  0.97875  1.5 
 1.71248  0.97625  1.5 
 1.71253  0.97375  1.5 
 1.71258  0.97125  1.5 
 1.71264  0.96875  1.5 
 1.7127  0.96625  1.5 
 1.71277  0.96375  1.5 
 1.71284  0.96125  1.5 
 1.71291  0.95875  1.5 
 1.71298  0.95625  1.5 
 1.71306  0.95375  1.5 
 1.71314  0.95125  1.5 
 1.71322  0.94875  1.5 
 1.7133  0.94625  1.5 
 1.71338  0.94375  1.5 
 1.71347  0.94125  1.5 
 1.71355  0.93875  1.5 
 1.71364  0.93625  1.5 
 1.71372  0.93375  1.5 
 1.71375  0.932925  1.5 
 1.71388  0.93125  1.5 
 1.71407  0.92875  1.5 
 1.71425  0.92625  1.5 
 1.71444  0.92375  1.5 
 1.71462  0.92125  1.5 
 1.7148  0.91875  1.5 
 1.71497  0.91625  1.5 
 1.71514  0.91375  1.5 
 1.7153  0.91125  1.5 
 1.71546  0.90875  1.5 
 1.71562  0.90625  1.5 
 1.71577  0.90375  1.5 
 1.71592  0.90125  1.5 
 1.71606  0.89875  1.5 
 1.71619  0.89625  1.5 
 1.71625  0.895251  1.5 
 1.71642  0.89375  1.5 
 1.71671  0.89125  1.5 
 1.71698  0.88875  1.5 
 1.71724  0.88625  1.5 
 1.71748  0.88375  1.5 
 1.71771  0.88125  1.5 
 1.71793  0.87875  1.5 
 1.71813  0.87625  1.5 
 1.71833  0.87375  1.5 
 1.71851  0.87125  1.5 
 1.71869  0.86875  1.5 
 1.71875  0.867869  1.5 
 1.71898  0.86625  1.5 
 1.71933  0.86375  1.5 
 1.71966  0.86125  1.5 
 1.71996  0.85875  1.5 
 1.72024  0.85625  1.5 
 1.7205  0.85375  1.5 
 1.72074  0.85125  1.5 
 1.72096  0.84875  1.5 
 1.72117  0.84625  1.5 
 1.72125  0.845232  1.5 
 1.7215  0.84375  1.5 
 1.7219  0.84125  1.5 
 1.72227  0.83875  1.5 
 1.72261  0.83625  1.5 
 1.72291  0.83375  1.5 
 1.72319  0.83125  1.5 
 1.72345  0.82875  1.5 
 1.72368  0.82625  1.5 
 1.72375  0.82554  1.5 
 1.72409  0.82375  1.5 
 1.72453  0.82125  1.5 
 1.72492  0.81875  1.5 
 1.72528  0.81625  1.5 
 1.7256  0.81375  1.5 
 1.72589  0.81125  1.5 
 1.72615  0.80875  1.5 
 1.72625  0.807832  1.5 
 1.72658  0.80625  1.5 
 1.72706  0.80375  1.5 
 1.72748  0.80125  1.5 
 1.72787  0.79875  1.5 
 1.72821  0.79625  1.5 
 1.72851  0.79375  1.5 
 1.72875  0.791594  1.5 
 1.72883  0.79125  1.5 
 1.72938  0.78875  1.5 
 1.72986  0.78625  1.5 
 1.73028  0.78375  1.5 
 1.73066  0.78125  1.5 
 1.73099  0.77875  1.5 
 1.73125  0.77656  1.5 
 1.73132  0.77625  1.5 
 1.73191  0.77375  1.5 


# Contour 35, label:      1.4
 1.73957  0.55375  1.4 
 1.73951  0.55125  1.4 
 1.73946  0.54875  1.4 
 1.73941  0.54625  1.4 
 1.73937  0.54375  1.4 
 1.73932  0.54125  1.4 
 1.73928  0.53875  1.4 
 1.73924  0.53625  1.4 
 1.7392  0.53375  1.4 
 1.73916  0.53125  1.4 
 1.73913  0.52875  1.4 
 1.7391  0.52625  1.4 
 1.73907  0.52375  1.4 
 1.73904  0.52125  1.4 
 1.73902  0.51875  1.4 
 1.739  0.51625  1.4 
 1.73898  0.51375  1.4 
 1.73897  0.51125  1.4 
 1.73895  0.50875  1.4 
 1.73895  0.50625  1.4 
 1.73894  0.50375  1.4 
 1.73894  0.50125  1.4 

# Contour 36, label: 
 1.72927  0.77375  1.4 
 1.72978  0.77125  1.4 
 1.73023  0.76875  1.4 
 1.73065  0.76625  1.4 
 1.73103  0.76375  1.4 
 1.73125  0.762236  1.4 
 1.73149  0.76125  1.4 
 1.73205  0.75875  1.4 
 1.73256  0.75625  1.4 
 1.73301  0.75375  1.4 
 1.73342  0.75125  1.4 
 1.73375  0.749121  1.4 
 1.73384  0.74875  1.4 
 1.73446  0.74625  1.4 
 1.735  0.74375  1.4 
 1.73548  0.74125  1.4 
 1.73591  0.73875  1.4 
 1.73625  0.736671  1.4 
 1.73636  0.73625  1.4 
 1.737  0.73375  1.4 
 1.73756  0.73125  1.4 
 1.73805  0.72875  1.4 
 1.7385  0.72625  1.4 
 1.73875  0.724794  1.4 
 1.73904  0.72375  1.4 
 1.73968  0.72125  1.4 
 1.74024  0.71875  1.4 
 1.74074  0.71625  1.4 
 1.7412  0.71375  1.4 
 1.74125  0.713492  1.4 
 1.74192  0.71125  1.4 
 1.74258  0.70875  1.4 
 1.74318  0.70625  1.4 
 1.74374  0.70375  1.4 
 1.74375  0.70371  1.4 
 1.74462  0.70125  1.4 
 1.74533  0.69875  1.4 
 1.74584  0.69625  1.4 
 1.7461  0.69375  1.4 
 1.74625  0.691655  1.4 
 1.74627  0.69125  1.4 
 1.74637  0.68875  1.4 
 1.74637  0.68625  1.4 
 1.7463  0.68375  1.4 
 1.74625  0.682534  1.4 
 1.74618  0.68125  1.4 
 1.74601  0.67875  1.4 
 1.74582  0.67625  1.4 
 1.74564  0.67375  1.4 
 1.74546  0.67125  1.4 
 1.7453  0.66875  1.4 
 1.74514  0.66625  1.4 
 1.74499  0.66375  1.4 
 1.74484  0.66125  1.4 
 1.7447  0.65875  1.4 
 1.74456  0.65625  1.4 
 1.74441  0.65375  1.4 
 1.74426  0.65125  1.4 
 1.74411  0.64875  1.4 
 1.74395  0.64625  1.4 
 1.74379  0.64375  1.4 
 1.74375  0.643228  1.4 
 1.74357  0.64125  1.4 
 1.74336  0.63875  1.4 
 1.74317  0.63625  1.4 
 1.743  0.63375  1.4 
 1.74284  0.63125  1.4 
 1.7427  0.62875  1.4 
 1.74257  0.62625  1.4 
 1.74244  0.62375  1.4 
 1.74232  0.62125  1.4 
 1.7422  0.61875  1.4 
 1.74209  0.61625  1.4 
 1.74197  0.61375  1.4 
 1.74186  0.61125  1.4 
 1.74174  0.60875  1.4 
 1.74163  0.60625  1.4 
 1.74151  0.60375  1.4 
 1.74139  0.60125  1.4 
 1.74126  0.59875  1.4 
 1.74125  0.598455  1.4 
 1.7411  0.59625  1.4 
 1.74095  0.59375  1.4 
 1.7408  0.59125  1.4 
 1.74068  0.58875  1.4 
 1.74056  0.58625  1.4 
 1.74045  0.58375  1.4 
 1.74035  0.58125  1.4 
 1.74026  0.57875  1.4 
 1.74017  0.57625  1.4 
 1.74009  0.57375  1.4 
 1.74001  0.57125  1.4 
 1.73994  0.56875  1.4 
 1.73987  0.56625  1.4 
 1.7398  0.56375  1.4 
 1.73974  0.56125  1.4 
 1.73968  0.55875  1.4 
 1.73962  0.55625  1.4 
 1.73957  0.55375  1.4 

# Contour 37, label: 
 1.70926  0.99875  1.4 
 1.70927  0.99625  1.4 
 1.70928  0.99375  1.4 
 1.7093  0.99125  1.4 
 1.70932  0.98875  1.4 
 1.70935  0.98625  1.4 
 1.70939  0.98375  1.4 
 1.70943  0.98125  1.4 
 1.70947  0.97875  1.4 
 1.70952  0.97625  1.4 
 1.70958  0.97375  1.4 
 1.70964  0.97125  1.4 
 1.7097  0.96875  1.4 
 1.70977  0.96625  1.4 
 1.70984  0.96375  1.4 
 1.70992  0.96125  1.4 
 1.71  0.95875  1.4 
 1.71008  0.95625  1.4 
 1.71017  0.95375  1.4 
 1.71026  0.95125  1.4 
 1.71035  0.94875  1.4 
 1.71045  0.94625  1.4 
 1.71054  0.94375  1.4 
 1.71064  0.94125  1.4 
 1.71074  0.93875  1.4 
 1.71084  0.93625  1.4 
 1.71095  0.93375  1.4 
 1.71105  0.93125  1.4 
 1.71116  0.92875  1.4 
 1.71125  0.92671  1.4 
 1.71129  0.92625  1.4 
 1.71148  0.92375  1.4 
 1.71167  0.92125  1.4 
 1.71186  0.91875  1.4 
 1.71205  0.91625  1.4 
 1.71223  0.91375  1.4 
 1.71242  0.91125  1.4 
 1.71259  0.90875  1.4 
 1.71277  0.90625  1.4 
 1.71294  0.90375  1.4 
 1.71311  0.90125  1.4 
 1.71328  0.89875  1.4 
 1.71344  0.89625  1.4 
 1.71361  0.89375  1.4 
 1.71375  0.891543  1.4 
 1.71378  0.89125  1.4 
 1.71407  0.88875  1.4 
 1.71434  0.88625  1.4 
 1.7146  0.88375  1.4 
 1.71485  0.88125  1.4 
 1.71509  0.87875  1.4 
 1.71532  0.87625  1.4 
 1.71554  0.87375  1.4 
 1.71575  0.87125  1.4 
 1.71597  0.86875  1.4 
 1.71617  0.86625  1.4 
 1.71625  0.86527  1.4 
 1.71646  0.86375  1.4 
 1.7168  0.86125  1.4 
 1.71712  0.85875  1.4 
 1.71742  0.85625  1.4 
 1.7177  0.85375  1.4 
 1.71797  0.85125  1.4 
 1.71822  0.84875  1.4 
 1.71847  0.84625  1.4 
 1.71871  0.84375  1.4 
 1.71875  0.84332  1.4 
 1.71908  0.84125  1.4 
 1.71946  0.83875  1.4 
 1.71981  0.83625  1.4 
 1.72014  0.83375  1.4 
 1.72045  0.83125  1.4 
 1.72074  0.82875  1.4 
 1.72102  0.82625  1.4 
 1.72125  0.824074  1.4 
 1.72131  0.82375  1.4 
 1.72175  0.82125  1.4 
 1.72216  0.81875  1.4 
 1.72254  0.81625  1.4 
 1.72288  0.81375  1.4 
 1.72321  0.81125  1.4 
 1.72351  0.80875  1.4 
 1.72375  0.806749  1.4 
 1.72385  0.80625  1.4 
 1.72433  0.80375  1.4 
 1.72477  0.80125  1.4 
 1.72517  0.79875  1.4 
 1.72553  0.79625  1.4 
 1.72588  0.79375  1.4 
 1.7262  0.79125  1.4 
 1.72625  0.790851  1.4 
 1.7267  0.78875  1.4 
 1.72718  0.78625  1.4 
 1.72762  0.78375  1.4 
 1.72801  0.78125  1.4 
 1.72838  0.77875  1.4 
 1.72872  0.77625  1.4 
 1.72875  0.776067  1.4 
 1.72927  0.77375  1.4 


# Contour 38, label:      1.3
 1.73896  0.55125  1.3 
 1.73891  0.54875  1.3 
 1.73886  0.54625  1.3 
 1.73881  0.54375  1.3 
 1.73877  0.54125  1.3 
 1.73875  0.540272  1.3 
 1.7387  0.53875  1.3 
 1.73862  0.53625  1.3 
 1.73856  0.53375  1.3 
 1.7385  0.53125  1.3 
 1.73844  0.52875  1.3 
 1.73839  0.52625  1.3 
 1.73835  0.52375  1.3 
 1.73831  0.52125  1.3 
 1.73827  0.51875  1.3 
 1.73824  0.51625  1.3 
 1.73822  0.51375  1.3 
 1.7382  0.51125  1.3 
 1.73818  0.50875  1.3 
 1.73817  0.50625  1.3 
 1.73816  0.50375  1.3 
 1.73816  0.50125  1.3 

# Contour 39, label: 
 1.7277  0.77375  1.3 
 1.72809  0.77125  1.3 
 1.72851  0.76875  1.3 
 1.72875  0.767433  1.3 
 1.72901  0.76625  1.3 
 1.72954  0.76375  1.3 
 1.73  0.76125  1.3 
 1.73042  0.75875  1.3 
 1.73085  0.75625  1.3 
 1.73125  0.754112  1.3 
 1.73134  0.75375  1.3 
 1.73191  0.75125  1.3 
 1.73241  0.74875  1.3 
 1.73286  0.74625  1.3 
 1.7333  0.74375  1.3 
 1.73375  0.741478  1.3 
 1.73381  0.74125  1.3 
 1.73441  0.73875  1.3 
 1.73493  0.73625  1.3 
 1.7354  0.73375  1.3 
 1.73587  0.73125  1.3 
 1.73625  0.729443  1.3 
 1.73643  0.72875  1.3 
 1.73704  0.72625  1.3 
 1.73756  0.72375  1.3 
 1.73805  0.72125  1.3 
 1.73856  0.71875  1.3 
 1.73875  0.717906  1.3 
 1.73919  0.71625  1.3 
 1.73979  0.71375  1.3 
 1.74032  0.71125  1.3 
 1.74085  0.70875  1.3 
 1.74125  0.707101  1.3 
 1.74151  0.70625  1.3 
 1.74223  0.70375  1.3 
 1.74289  0.70125  1.3 
 1.74358  0.69875  1.3 
 1.74375  0.698226  1.3 
 1.7444  0.69625  1.3 
 1.74494  0.69375  1.3 
 1.74523  0.69125  1.3 
 1.74541  0.68875  1.3 
 1.74546  0.68625  1.3 
 1.74543  0.68375  1.3 
 1.74534  0.68125  1.3 
 1.74521  0.67875  1.3 
 1.74508  0.67625  1.3 
 1.74494  0.67375  1.3 
 1.7448  0.67125  1.3 
 1.74466  0.66875  1.3 
 1.74453  0.66625  1.3 
 1.7444  0.66375  1.3 
 1.74427  0.66125  1.3 
 1.74413  0.65875  1.3 
 1.74399  0.65625  1.3 
 1.74385  0.65375  1.3 
 1.74375  0.652051  1.3 
 1.74366  0.65125  1.3 
 1.7434  0.64875  1.3 
 1.74317  0.64625  1.3 
 1.74297  0.64375  1.3 
 1.74279  0.64125  1.3 
 1.74262  0.63875  1.3 
 1.74247  0.63625  1.3 
 1.74234  0.63375  1.3 
 1.74221  0.63125  1.3 
 1.74209  0.62875  1.3 
 1.74197  0.62625  1.3 
 1.74186  0.62375  1.3 
 1.74175  0.62125  1.3 
 1.74164  0.61875  1.3 
 1.74153  0.61625  1.3 
 1.74142  0.61375  1.3 
 1.7413  0.61125  1.3 
 1.74125  0.610111  1.3 
 1.74113  0.60875  1.3 
 1.74093  0.60625  1.3 
 1.74076  0.60375  1.3 
 1.74059  0.60125  1.3 
 1.74045  0.59875  1.3 
 1.74032  0.59625  1.3 
 1.74019  0.59375  1.3 
 1.74008  0.59125  1.3 
 1.73998  0.58875  1.3 
 1.73989  0.58625  1.3 
 1.7398  0.58375  1.3 
 1.73972  0.58125  1.3 
 1.73964  0.57875  1.3 
 1.73956  0.57625  1.3 
 1.73949  0.57375  1.3 
 1.73943  0.57125  1.3 
 1.73936  0.56875  1.3 
 1.7393  0.56625  1.3 
 1.73924  0.56375  1.3 
 1.73918  0.56125  1.3 
 1.73912  0.55875  1.3 
 1.73907  0.55625  1.3 
 1.73901  0.55375  1.3 
 1.73896  0.55125  1.3 

# Contour 40, label: 
 1.70761  0.99875  1.3 
 1.70762  0.99625  1.3 
 1.70763  0.99375  1.3 
 1.70764  0.99125  1.3 
 1.70766  0.98875  1.3 
 1.70768  0.98625  1.3 
 1.70771  0.98375  1.3 
 1.70774  0.98125  1.3 
 1.70777  0.97875  1.3 
 1.70781  0.97625  1.3 
 1.70786  0.97375  1.3 
 1.70791  0.97125  1.3 
 1.70796  0.96875  1.3 
 1.70801  0.96625  1.3 
 1.70807  0.96375  1.3 
 1.70814  0.96125  1.3 
 1.70821  0.95875  1.3 
 1.70828  0.95625  1.3 
 1.70836  0.95375  1.3 
 1.70845  0.95125  1.3 
 1.70854  0.94875  1.3 
 1.70864  0.94625  1.3 
 1.70875  0.94375  1.3 
 1.70875  0.943679  1.3 
 1.70889  0.94125  1.3 
 1.70903  0.93875  1.3 
 1.70918  0.93625  1.3 
 1.70932  0.93375  1.3 
 1.70947  0.93125  1.3 
 1.70962  0.92875  1.3 
 1.70976  0.92625  1.3 
 1.70991  0.92375  1.3 
 1.71005  0.92125  1.3 
 1.7102  0.91875  1.3 
 1.71034  0.91625  1.3 
 1.71049  0.91375  1.3 
 1.71064  0.91125  1.3 
 1.7108  0.90875  1.3 
 1.71097  0.90625  1.3 
 1.71114  0.90375  1.3 
 1.71125  0.902361  1.3 
 1.71136  0.90125  1.3 
 1.7116  0.89875  1.3 
 1.71183  0.89625  1.3 
 1.71206  0.89375  1.3 
 1.71227  0.89125  1.3 
 1.71248  0.88875  1.3 
 1.71269  0.88625  1.3 
 1.71289  0.88375  1.3 
 1.71309  0.88125  1.3 
 1.7133  0.87875  1.3 
 1.71352  0.87625  1.3 
 1.71375  0.873912  1.3 
 1.71377  0.87375  1.3 
 1.71408  0.87125  1.3 
 1.71437  0.86875  1.3 
 1.71465  0.86625  1.3 
 1.71492  0.86375  1.3 
 1.71517  0.86125  1.3 
 1.71541  0.85875  1.3 
 1.71566  0.85625  1.3 
 1.71592  0.85375  1.3 
 1.7162  0.85125  1.3 
 1.71625  0.850798  1.3 
 1.71655  0.84875  1.3 
 1.71689  0.84625  1.3 
 1.71722  0.84375  1.3 
 1.71752  0.84125  1.3 
 1.7178  0.83875  1.3 
 1.71808  0.83625  1.3 
 1.71838  0.83375  1.3 
 1.71869  0.83125  1.3 
 1.71875  0.830807  1.3 
 1.71909  0.82875  1.3 
 1.71947  0.82625  1.3 
 1.71983  0.82375  1.3 
 1.72015  0.82125  1.3 
 1.72047  0.81875  1.3 
 1.72079  0.81625  1.3 
 1.72113  0.81375  1.3 
 1.72125  0.812942  1.3 
 1.72156  0.81125  1.3 
 1.72198  0.80875  1.3 
 1.72237  0.80625  1.3 
 1.72272  0.80375  1.3 
 1.72307  0.80125  1.3 
 1.72342  0.79875  1.3 
 1.72375  0.796634  1.3 
 1.72383  0.79625  1.3 
 1.72431  0.79375  1.3 
 1.72474  0.79125  1.3 
 1.72513  0.78875  1.3 
 1.7255  0.78625  1.3 
 1.72588  0.78375  1.3 
 1.72625  0.781536  1.3 
 1.72631  0.78125  1.3 
 1.72682  0.77875  1.3 
 1.72728  0.77625  1.3 
 1.7277  0.77375  1.3 


# Contour 41, label:      1.2
 1.73818  0.55625  1.2 
 1.73809  0.55375  1.2 
 1.738  0.55125  1.2 
 1.73791  0.54875  1.2 
 1.73784  0.54625  1.2 
 1.73777  0.54375  1.2 
 1.73771  0.54125  1.2 
 1.73765  0.53875  1.2 
 1.7376  0.53625  1.2 
 1.73755  0.53375  1.2 
 1.73751  0.53125  1.2 
 1.73747  0.52875  1.2 
 1.73744  0.52625  1.2 
 1.73741  0.52375  1.2 
 1.73738  0.52125  1.2 
 1.73736  0.51875  1.2 
 1.73733  0.51625  1.2 
 1.73732  0.51375  1.2 
 1.7373  0.51125  1.2 
 1.73729  0.50875  1.2 
 1.73728  0.50625  1.2 
 1.73728  0.50375  1.2 
 1.73727  0.50125  1.2 

# Contour 42, label: 
 1.72625  0.774189  1.2 
 1.72633  0.77375  1.2 
 1.72676  0.77125  1.2 
 1.72716  0.76875  1.2 
 1.72756  0.76625  1.2 
 1.72801  0.76375  1.2 
 1.72857  0.76125  1.2 
 1.72875  0.760526  1.2 
 1.72908  0.75875  1.2 
 1.72951  0.75625  1.2 
 1.72993  0.75375  1.2 
 1.73039  0.75125  1.2 
 1.73095  0.74875  1.2 
 1.73125  0.747603  1.2 
 1.73152  0.74625  1.2 
 1.73198  0.74375  1.2 
 1.73242  0.74125  1.2 
 1.7329  0.73875  1.2 
 1.73349  0.73625  1.2 
 1.73375  0.735309  1.2 
 1.73407  0.73375  1.2 
 1.73455  0.73125  1.2 
 1.73501  0.72875  1.2 
 1.73553  0.72625  1.2 
 1.7362  0.72375  1.2 
 1.73625  0.723564  1.2 
 1.73674  0.72125  1.2 
 1.73722  0.71875  1.2 
 1.73771  0.71625  1.2 
 1.73832  0.71375  1.2 
 1.73875  0.712276  1.2 
 1.73899  0.71125  1.2 
 1.73952  0.70875  1.2 
 1.74005  0.70625  1.2 
 1.74068  0.70375  1.2 
 1.74125  0.702034  1.2 
 1.74147  0.70125  1.2 
 1.74215  0.69875  1.2 
 1.74287  0.69625  1.2 
 1.74375  0.693846  1.2 
 1.74378  0.69375  1.2 
 1.74419  0.69125  1.2 
 1.74441  0.68875  1.2 
 1.74452  0.68625  1.2 
 1.74453  0.68375  1.2 
 1.7445  0.68125  1.2 
 1.74442  0.67875  1.2 
 1.74433  0.67625  1.2 
 1.74424  0.67375  1.2 
 1.74413  0.67125  1.2 
 1.74403  0.66875  1.2 
 1.74392  0.66625  1.2 
 1.74381  0.66375  1.2 
 1.74375  0.662595  1.2 
 1.74359  0.66125  1.2 
 1.7433  0.65875  1.2 
 1.74305  0.65625  1.2 
 1.74282  0.65375  1.2 
 1.74262  0.65125  1.2 
 1.74244  0.64875  1.2 
 1.74228  0.64625  1.2 
 1.74214  0.64375  1.2 
 1.74201  0.64125  1.2 
 1.74189  0.63875  1.2 
 1.74178  0.63625  1.2 
 1.74167  0.63375  1.2 
 1.74157  0.63125  1.2 
 1.74148  0.62875  1.2 
 1.74138  0.62625  1.2 
 1.74128  0.62375  1.2 
 1.74125  0.623026  1.2 
 1.74107  0.62125  1.2 
 1.74083  0.61875  1.2 
 1.74062  0.61625  1.2 
 1.74043  0.61375  1.2 
 1.74026  0.61125  1.2 
 1.7401  0.60875  1.2 
 1.73997  0.60625  1.2 
 1.73984  0.60375  1.2 
 1.73973  0.60125  1.2 
 1.73963  0.59875  1.2 
 1.73953  0.59625  1.2 
 1.73944  0.59375  1.2 
 1.73936  0.59125  1.2 
 1.73929  0.58875  1.2 
 1.73921  0.58625  1.2 
 1.73915  0.58375  1.2 
 1.73908  0.58125  1.2 
 1.73902  0.57875  1.2 
 1.73896  0.57625  1.2 
 1.7389  0.57375  1.2 
 1.73884  0.57125  1.2 
 1.73878  0.56875  1.2 
 1.73875  0.567353  1.2 
 1.73868  0.56625  1.2 
 1.73854  0.56375  1.2 
 1.73841  0.56125  1.2 
 1.73829  0.55875  1.2 
 1.73818  0.55625  1.2 

# Contour 43, label: 
 1.70615  0.99875  1.2 
 1.70616  0.99625  1.2 
 1.70617  0.99375  1.2 
 1.70619  0.99125  1.2 
 1.70622  0.98875  1.2 
 1.70625  0.986569  1.2 
 1.70625  0.98625  1.2 
 1.70628  0.98375  1.2 
 1.70632  0.98125  1.2 
 1.70636  0.97875  1.2 
 1.7064  0.97625  1.2 
 1.70645  0.97375  1.2 
 1.70651  0.97125  1.2 
 1.70656  0.96875  1.2 
 1.70662  0.96625  1.2 
 1.70669  0.96375  1.2 
 1.70676  0.96125  1.2 
 1.70683  0.95875  1.2 
 1.7069  0.95625  1.2 
 1.70698  0.95375  1.2 
 1.70706  0.95125  1.2 
 1.70715  0.94875  1.2 
 1.70724  0.94625  1.2 
 1.70733  0.94375  1.2 
 1.70743  0.94125  1.2 
 1.70754  0.93875  1.2 
 1.70765  0.93625  1.2 
 1.70777  0.93375  1.2 
 1.7079  0.93125  1.2 
 1.70805  0.92875  1.2 
 1.7082  0.92625  1.2 
 1.70838  0.92375  1.2 
 1.70857  0.92125  1.2 
 1.70875  0.919164  1.2 
 1.70878  0.91875  1.2 
 1.70894  0.91625  1.2 
 1.7091  0.91375  1.2 
 1.70926  0.91125  1.2 
 1.70942  0.90875  1.2 
 1.70958  0.90625  1.2 
 1.70975  0.90375  1.2 
 1.70991  0.90125  1.2 
 1.71009  0.89875  1.2 
 1.71028  0.89625  1.2 
 1.71049  0.89375  1.2 
 1.71072  0.89125  1.2 
 1.71098  0.88875  1.2 
 1.71125  0.886491  1.2 
 1.71127  0.88625  1.2 
 1.7115  0.88375  1.2 
 1.71172  0.88125  1.2 
 1.71193  0.87875  1.2 
 1.71214  0.87625  1.2 
 1.71236  0.87375  1.2 
 1.71258  0.87125  1.2 
 1.71282  0.86875  1.2 
 1.71309  0.86625  1.2 
 1.7134  0.86375  1.2 
 1.71375  0.861317  1.2 
 1.71376  0.86125  1.2 
 1.71403  0.85875  1.2 
 1.71429  0.85625  1.2 
 1.71455  0.85375  1.2 
 1.7148  0.85125  1.2 
 1.71506  0.84875  1.2 
 1.71535  0.84625  1.2 
 1.71567  0.84375  1.2 
 1.71605  0.84125  1.2 
 1.71625  0.840048  1.2 
 1.71642  0.83875  1.2 
 1.71672  0.83625  1.2 
 1.71701  0.83375  1.2 
 1.7173  0.83125  1.2 
 1.7176  0.82875  1.2 
 1.71792  0.82625  1.2 
 1.71831  0.82375  1.2 
 1.71875  0.821303  1.2 
 1.71876  0.82125  1.2 
 1.71911  0.81875  1.2 
 1.71943  0.81625  1.2 
 1.71975  0.81375  1.2 
 1.72008  0.81125  1.2 
 1.72044  0.80875  1.2 
 1.72087  0.80625  1.2 
 1.72125  0.804331  1.2 
 1.72134  0.80375  1.2 
 1.72172  0.80125  1.2 
 1.72207  0.79875  1.2 
 1.72241  0.79625  1.2 
 1.72278  0.79375  1.2 
 1.72322  0.79125  1.2 
 1.72375  0.78875  1.2 
 1.72375  0.78873  1.2 
 1.72416  0.78625  1.2 
 1.72453  0.78375  1.2 
 1.72491  0.78125  1.2 
 1.72531  0.77875  1.2 
 1.72578  0.77625  1.2 
 1.72625  0.774189  1.2 


# Contour 44, label:      1.1
 1.73679  0.55125  1.1 
 1.73674  0.54875  1.1 
 1.7367  0.54625  1.1 
 1.73667  0.54375  1.1 
 1.73663  0.54125  1.1 
 1.7366  0.53875  1.1 
 1.73657  0.53625  1.1 
 1.73655  0.53375  1.1 
 1.73652  0.53125  1.1 
 1.7365  0.52875  1.1 
 1.73648  0.52625  1.1 
 1.73647  0.52375  1.1 
 1.73645  0.52125  1.1 
 1.73644  0.51875  1.1 
 1.73643  0.51625  1.1 
 1.73642  0.51375  1.1 
 1.73641  0.51125  1.1 
 1.7364  0.50875  1.1 
 1.7364  0.50625  1.1 
 1.73639  0.50375  1.1 
 1.73639  0.50125  1.1 

# Contour 45, label: 
 1.72444  0.77375  1.1 
 1.72484  0.77125  1.1 
 1.72535  0.76875  1.1 
 1.72599  0.76625  1.1 
 1.72625  0.765276  1.1 
 1.72644  0.76375  1.1 
 1.72677  0.76125  1.1 
 1.72717  0.75875  1.1 
 1.72766  0.75625  1.1 
 1.72828  0.75375  1.1 
 1.72875  0.752122  1.1 
 1.72887  0.75125  1.1 
 1.72921  0.74875  1.1 
 1.72961  0.74625  1.1 
 1.73011  0.74375  1.1 
 1.73076  0.74125  1.1 
 1.73125  0.739634  1.1 
 1.73138  0.73875  1.1 
 1.73174  0.73625  1.1 
 1.73217  0.73375  1.1 
 1.73271  0.73125  1.1 
 1.73343  0.72875  1.1 
 1.73375  0.727715  1.1 
 1.73397  0.72625  1.1 
 1.73436  0.72375  1.1 
 1.73484  0.72125  1.1 
 1.73546  0.71875  1.1 
 1.73625  0.716341  1.1 
 1.73627  0.71625  1.1 
 1.73664  0.71375  1.1 
 1.73709  0.71125  1.1 
 1.73767  0.70875  1.1 
 1.73846  0.70625  1.1 
 1.73875  0.705429  1.1 
 1.73904  0.70375  1.1 
 1.73954  0.70125  1.1 
 1.74025  0.69875  1.1 
 1.74125  0.696317  1.1 
 1.74127  0.69625  1.1 
 1.74182  0.69375  1.1 
 1.74237  0.69125  1.1 
 1.74286  0.68875  1.1 
 1.74321  0.68625  1.1 
 1.74339  0.68375  1.1 
 1.74341  0.68125  1.1 
 1.74333  0.67875  1.1 
 1.74319  0.67625  1.1 
 1.74301  0.67375  1.1 
 1.74281  0.67125  1.1 
 1.74261  0.66875  1.1 
 1.74243  0.66625  1.1 
 1.74225  0.66375  1.1 
 1.74209  0.66125  1.1 
 1.74194  0.65875  1.1 
 1.74181  0.65625  1.1 
 1.74169  0.65375  1.1 
 1.74158  0.65125  1.1 
 1.74148  0.64875  1.1 
 1.74139  0.64625  1.1 
 1.74131  0.64375  1.1 
 1.74125  0.641882  1.1 
 1.74118  0.64125  1.1 
 1.7409  0.63875  1.1 
 1.74065  0.63625  1.1 
 1.74042  0.63375  1.1 
 1.74022  0.63125  1.1 
 1.74003  0.62875  1.1 
 1.73987  0.62625  1.1 
 1.73972  0.62375  1.1 
 1.73958  0.62125  1.1 
 1.73946  0.61875  1.1 
 1.73935  0.61625  1.1 
 1.73925  0.61375  1.1 
 1.73916  0.61125  1.1 
 1.73908  0.60875  1.1 
 1.739  0.60625  1.1 
 1.73893  0.60375  1.1 
 1.73886  0.60125  1.1 
 1.7388  0.59875  1.1 
 1.73875  0.596403  1.1 
 1.73874  0.59625  1.1 
 1.73853  0.59375  1.1 
 1.73834  0.59125  1.1 
 1.73817  0.58875  1.1 
 1.73801  0.58625  1.1 
 1.73787  0.58375  1.1 
 1.73774  0.58125  1.1 
 1.73762  0.57875  1.1 
 1.73751  0.57625  1.1 
 1.7374  0.57375  1.1 
 1.73731  0.57125  1.1 
 1.73722  0.56875  1.1 
 1.73714  0.56625  1.1 
 1.73707  0.56375  1.1 
 1.737  0.56125  1.1 
 1.73694  0.55875  1.1 
 1.73688  0.55625  1.1 
 1.73683  0.55375  1.1 
 1.73679  0.55125  1.1 

# Contour 46, label: 
 1.70429  0.99875  1.1 
 1.7043  0.99625  1.1 
 1.70431  0.99375  1.1 
 1.70432  0.99125  1.1 
 1.70433  0.98875  1.1 
 1.70435  0.98625  1.1 
 1.70438  0.98375  1.1 
 1.7044  0.98125  1.1 
 1.70444  0.97875  1.1 
 1.70447  0.97625  1.1 
 1.70451  0.97375  1.1 
 1.70456  0.97125  1.1 
 1.70461  0.96875  1.1 
 1.70467  0.96625  1.1 
 1.70473  0.96375  1.1 
 1.7048  0.96125  1.1 
 1.70488  0.95875  1.1 
 1.70497  0.95625  1.1 
 1.70506  0.95375  1.1 
 1.70517  0.95125  1.1 
 1.70528  0.94875  1.1 
 1.70541  0.94625  1.1 
 1.70555  0.94375  1.1 
 1.70571  0.94125  1.1 
 1.70588  0.93875  1.1 
 1.70607  0.93625  1.1 
 1.70625  0.933963  1.1 
 1.70626  0.93375  1.1 
 1.70635  0.93125  1.1 
 1.70644  0.92875  1.1 
 1.70653  0.92625  1.1 
 1.70664  0.92375  1.1 
 1.70675  0.92125  1.1 
 1.70687  0.91875  1.1 
 1.70701  0.91625  1.1 
 1.70715  0.91375  1.1 
 1.70732  0.91125  1.1 
 1.7075  0.90875  1.1 
 1.7077  0.90625  1.1 
 1.70793  0.90375  1.1 
 1.70819  0.90125  1.1 
 1.70848  0.89875  1.1 
 1.70875  0.896556  1.1 
 1.70877  0.89625  1.1 
 1.7089  0.89375  1.1 
 1.70905  0.89125  1.1 
 1.7092  0.88875  1.1 
 1.70937  0.88625  1.1 
 1.70956  0.88375  1.1 
 1.70977  0.88125  1.1 
 1.71001  0.87875  1.1 
 1.71029  0.87625  1.1 
 1.7106  0.87375  1.1 
 1.71097  0.87125  1.1 
 1.71125  0.869458  1.1 
 1.7113  0.86875  1.1 
 1.71147  0.86625  1.1 
 1.71166  0.86375  1.1 
 1.71186  0.86125  1.1 
 1.71209  0.85875  1.1 
 1.71236  0.85625  1.1 
 1.71267  0.85375  1.1 
 1.71303  0.85125  1.1 
 1.71345  0.84875  1.1 
 1.71375  0.84709  1.1 
 1.71382  0.84625  1.1 
 1.71402  0.84375  1.1 
 1.71425  0.84125  1.1 
 1.7145  0.83875  1.1 
 1.71479  0.83625  1.1 
 1.71513  0.83375  1.1 
 1.71553  0.83125  1.1 
 1.71601  0.82875  1.1 
 1.71625  0.827593  1.1 
 1.71637  0.82625  1.1 
 1.71661  0.82375  1.1 
 1.71687  0.82125  1.1 
 1.71717  0.81875  1.1 
 1.71753  0.81625  1.1 
 1.71797  0.81375  1.1 
 1.71849  0.81125  1.1 
 1.71875  0.810088  1.1 
 1.71889  0.80875  1.1 
 1.71915  0.80625  1.1 
 1.71944  0.80375  1.1 
 1.71979  0.80125  1.1 
 1.72021  0.79875  1.1 
 1.72072  0.79625  1.1 
 1.72125  0.794091  1.1 
 1.72129  0.79375  1.1 
 1.72156  0.79125  1.1 
 1.72187  0.78875  1.1 
 1.72223  0.78625  1.1 
 1.72267  0.78375  1.1 
 1.72322  0.78125  1.1 
 1.72375  0.77922  1.1 
 1.72381  0.77875  1.1 
 1.7241  0.77625  1.1 
 1.72444  0.77375  1.1 

