
# Surface 0 of 1 surfaces

# Curve title: ""./data/riemannGFM-CLSVOF-underwater_shocked_bubble-MUSCL-400-400-1241-prims.dat" u 1:2:7"

# Contour 0, label:    6e+04
 8.925  5.41713  60000 
 8.92428  5.415  60000 
 8.925  5.41426  60000 
 8.92809  5.415  60000 
 8.925  5.41713  60000 


# Contour 1, label:  5.5e+04
 8.925  5.4245  55000 
 8.92178  5.415  55000 
 8.925  5.41172  55000 
 8.93882  5.415  55000 
 8.925  5.4245  55000 

# Contour 2, label: 
 8.925  6.58689  55000 
 8.92315  6.585  55000 
 8.925  6.58167  55000 
 8.92927  6.585  55000 
 8.925  6.58689  55000 


# Contour 3, label:    5e+04
 8.985  5.48722  50000 
 8.97341  5.475  50000 
 8.955  5.45794  50000 
 8.94748  5.445  50000 
 8.925  5.43187  50000 
 8.91928  5.415  50000 
 8.925  5.40917  50000 
 8.94955  5.415  50000 
 8.955  5.4288  50000 
 8.985  5.43815  50000 
 9.00257  5.445  50000 
 9.015  5.46608  50000 
 9.02114  5.475  50000 
 9.015  5.47941  50000 
 8.985  5.48722  50000 

# Contour 4, label: 
 8.985  6.56429  50000 
 8.97181  6.555  50000 
 8.97016  6.525  50000 
 8.985  6.50903  50000 
 9.015  6.51419  50000 
 9.03101  6.525  50000 
 9.015  6.54987  50000 
 9.01205  6.555  50000 
 8.985  6.56429  50000 

# Contour 5, label: 
 8.925  6.58957  50000 
 8.92051  6.585  50000 
 8.925  6.57695  50000 
 8.93533  6.585  50000 
 8.925  6.58957  50000 


# Contour 6, label:  4.5e+04
 8.985  5.52742  45000 
 8.97749  5.505  45000 
 8.955  5.48111  45000 
 8.94891  5.475  45000 
 8.93486  5.445  45000 
 8.925  5.43924  45000 
 8.91678  5.415  45000 
 8.925  5.40662  45000 
 8.955  5.41291  45000 
 8.96818  5.415  45000 
 8.985  5.42393  45000 
 9.00479  5.415  45000 
 9.015  5.40194  45000 
 9.02676  5.415  45000 
 9.03105  5.445  45000 
 9.045  5.46199  45000 
 9.06364  5.475  45000 
 9.045  5.5007  45000 
 9.03569  5.505  45000 
 9.015  5.53159  45000 
 8.985  5.52742  45000 

# Contour 7, label: 
 9.225  5.66974  45000 
 9.20485  5.655  45000 
 9.195  5.64747  45000 
 9.17961  5.625  45000 
 9.165  5.60452  45000 
 9.15436  5.595  45000 
 9.14426  5.565  45000 
 9.16464  5.535  45000 
 9.15603  5.505  45000 
 9.15767  5.475  45000 
 9.14161  5.445  45000 
 9.135  5.43238  45000 
 9.128  5.415  45000 
 9.12938  5.385  45000 
 9.135  5.38268  45000 
 9.14408  5.385  45000 
 9.165  5.39474  45000 
 9.19266  5.415  45000 
 9.195  5.41713  45000 
 9.219  5.445  45000 
 9.225  5.45235  45000 
 9.2391  5.475  45000 
 9.255  5.50158  45000 
 9.25649  5.505  45000 
 9.26429  5.535  45000 
 9.26578  5.565  45000 
 9.26309  5.595  45000 
 9.25856  5.625  45000 
 9.256  5.655  45000 
 9.255  5.65768  45000 
 9.225  5.66974  45000 

# Contour 8, label: 
 9.045  5.68457  45000 
 9.03955  5.655  45000 
 9.02916  5.625  45000 
 9.045  5.60633  45000 
 9.064  5.595  45000 
 9.075  5.5834  45000 
 9.105  5.57311  45000 
 9.11615  5.595  45000 
 9.11398  5.625  45000 
 9.105  5.65327  45000 
 9.09971  5.655  45000 
 9.075  5.66058  45000 
 9.045  5.68457  45000 

# Contour 9, label: 
 9.165  5.72547  45000 
 9.16046  5.715  45000 
 9.165  5.70768  45000 
 9.17184  5.715  45000 
 9.165  5.72547  45000 

# Contour 10, label: 
 8.985  5.77758  45000 
 8.97449  5.775  45000 
 8.955  5.7653  45000 
 8.925  5.75374  45000 
 8.90943  5.745  45000 
 8.895  5.73579  45000 
 8.87765  5.715  45000 
 8.865  5.69594  45000 
 8.86121  5.685  45000 
 8.85921  5.655  45000 
 8.865  5.63482  45000 
 8.895  5.64531  45000 
 8.90401  5.655  45000 
 8.925  5.67692  45000 
 8.93202  5.685  45000 
 8.955  5.70919  45000 
 8.98388  5.715  45000 
 8.985  5.71547  45000 
 8.98719  5.715  45000 
 9.015  5.71085  45000 
 9.02518  5.715  45000 
 9.02543  5.745  45000 
 9.015  5.76564  45000 
 8.99977  5.775  45000 
 8.985  5.77758  45000 

# Contour 11, label: 
 8.895  6.32713  45000 
 8.88735  6.315  45000 
 8.895  6.29325  45000 
 8.89855  6.315  45000 
 8.895  6.32713  45000 

# Contour 12, label: 
 9.165  6.59718  45000 
 9.13726  6.585  45000 
 9.14932  6.555  45000 
 9.16417  6.525  45000 
 9.135  6.49627  45000 
 9.11165  6.495  45000 
 9.12178  6.465  45000 
 9.135  6.44717  45000 
 9.14105  6.435  45000 
 9.165  6.41955  45000 
 9.17151  6.405  45000 
 9.19338  6.375  45000 
 9.195  6.3724  45000 
 9.22155  6.345  45000 
 9.225  6.34135  45000 
 9.255  6.34026  45000 
 9.25754  6.345  45000 
 9.25557  6.375  45000 
 9.25725  6.405  45000 
 9.25862  6.435  45000 
 9.25992  6.465  45000 
 9.255  6.48462  45000 
 9.25071  6.495  45000 
 9.236  6.525  45000 
 9.225  6.54147  45000 
 9.21298  6.555  45000 
 9.195  6.57534  45000 
 9.18317  6.585  45000 
 9.165  6.59718  45000 

# Contour 13, label: 
 9.015  6.60246  45000 
 9.00094  6.585  45000 
 8.985  6.578  45000 
 8.955  6.55673  45000 
 8.95391  6.555  45000 
 8.94614  6.525  45000 
 8.955  6.51602  45000 
 8.97434  6.495  45000 
 8.98467  6.465  45000 
 8.985  6.46067  45000 
 9.00302  6.435  45000 
 9.015  6.41891  45000 
 9.04492  6.435  45000 
 9.04512  6.435  45000 
 9.025  6.405  45000 
 9.015  6.39694  45000 
 9.00897  6.375  45000 
 9.015  6.36803  45000 
 9.045  6.34563  45000 
 9.075  6.3558  45000 
 9.105  6.35127  45000 
 9.10732  6.375  45000 
 9.105  6.3856  45000 
 9.0897  6.405  45000 
 9.08177  6.435  45000 
 9.08228  6.465  45000 
 9.10305  6.495  45000 
 9.075  6.52473  45000 
 9.07497  6.525  45000 
 9.045  6.54448  45000 
 9.03642  6.555  45000 
 9.0321  6.585  45000 
 9.015  6.60246  45000 

# Contour 14, label: 
 8.925  6.59226  45000 
 8.91788  6.585  45000 
 8.925  6.57222  45000 
 8.9414  6.585  45000 
 8.925  6.59226  45000 


# Contour 15, label:    4e+04
 9.075  5.44694  40000 
 9.07183  5.445  40000 
 9.075  5.42842  40000 
 9.07947  5.445  40000 
 9.075  5.44694  40000 

# Contour 16, label: 
 9.195  5.72091  40000 
 9.19337  5.715  40000 
 9.195  5.70471  40000 
 9.21843  5.715  40000 
 9.195  5.72091  40000 

# Contour 17, label: 
 8.955  5.80674  40000 
 8.95199  5.805  40000 
 8.925  5.79115  40000 
 8.90398  5.775  40000 
 8.895  5.76893  40000 
 8.8731  5.745  40000 
 8.865  5.73582  40000 
 8.8521  5.715  40000 
 8.84113  5.685  40000 
 8.835  5.66183  40000 
 8.83322  5.655  40000 
 8.83346  5.625  40000 
 8.835  5.61841  40000 
 8.84729  5.595  40000 
 8.865  5.57421  40000 
 8.87923  5.565  40000 
 8.895  5.55125  40000 
 8.925  5.54722  40000 
 8.93908  5.535  40000 
 8.94986  5.505  40000 
 8.925  5.48004  40000 
 8.92351  5.475  40000 
 8.92406  5.445  40000 
 8.91428  5.415  40000 
 8.925  5.40407  40000 
 8.955  5.40867  40000 
 8.98496  5.385  40000 
 9.015  5.37733  40000 
 9.04398  5.385  40000 
 9.045  5.38618  40000 
 9.075  5.40362  40000 
 9.07813  5.385  40000 
 9.105  5.35984  40000 
 9.135  5.35897  40000 
 9.165  5.37479  40000 
 9.18145  5.385  40000 
 9.195  5.39697  40000 
 9.21636  5.415  40000 
 9.225  5.42426  40000 
 9.24352  5.445  40000 
 9.255  5.45986  40000 
 9.26593  5.475  40000 
 9.28232  5.505  40000 
 9.285  5.51067  40000 
 9.29545  5.535  40000 
 9.30118  5.565  40000 
 9.30068  5.595  40000 
 9.29352  5.625  40000 
 9.2884  5.655  40000 
 9.28802  5.685  40000 
 9.285  5.69608  40000 
 9.26962  5.715  40000 
 9.255  5.72609  40000 
 9.23252  5.745  40000 
 9.22655  5.775  40000 
 9.225  5.77645  40000 
 9.195  5.80077  40000 
 9.165  5.80064  40000 
 9.14666  5.805  40000 
 9.135  5.80776  40000 
 9.105  5.8081  40000 
 9.07788  5.805  40000 
 9.07726  5.775  40000 
 9.105  5.7637  40000 
 9.135  5.76367  40000 
 9.14983  5.745  40000 
 9.14615  5.715  40000 
 9.16467  5.685  40000 
 9.16082  5.655  40000 
 9.135  5.62723  40000 
 9.1201  5.655  40000 
 9.11412  5.685  40000 
 9.105  5.69864  40000 
 9.075  5.71186  40000 
 9.07315  5.715  40000 
 9.06874  5.745  40000 
 9.07382  5.775  40000 
 9.07414  5.805  40000 
 9.045  5.81894  40000 
 9.015  5.82353  40000 
 8.985  5.81819  40000 
 8.955  5.80674  40000 

# Contour 18, label: 
 9.135  6.37453  40000 
 9.12173  6.345  40000 
 9.11425  6.315  40000 
 9.105  6.29837  40000 
 9.075  6.29525  40000 
 9.06973  6.285  40000 
 9.06524  6.255  40000 
 9.07177  6.225  40000 
 9.075  6.20807  40000 
 9.07638  6.225  40000 
 9.08454  6.255  40000 
 9.105  6.26774  40000 
 9.135  6.26896  40000 
 9.165  6.28011  40000 
 9.18204  6.285  40000 
 9.17586  6.315  40000 
 9.165  6.32994  40000 
 9.16329  6.345  40000 
 9.135  6.37453  40000 

# Contour 19, label: 
 8.925  6.59494  40000 
 8.91524  6.585  40000 
 8.925  6.5675  40000 
 8.94746  6.585  40000 
 8.925  6.59494  40000 

# Contour 20, label: 
 8.985  6.61599  40000 
 8.98455  6.615  40000 
 8.97652  6.585  40000 
 8.955  6.56933  40000 
 8.94598  6.555  40000 
 8.925  6.52735  40000 
 8.92291  6.525  40000 
 8.925  6.51836  40000 
 8.94802  6.495  40000 
 8.9387  6.465  40000 
 8.925  6.45667  40000 
 8.895  6.45714  40000 
 8.86806  6.435  40000 
 8.865  6.43217  40000 
 8.84816  6.405  40000 
 8.83647  6.375  40000 
 8.835  6.3531  40000 
 8.83467  6.345  40000 
 8.835  6.34222  40000 
 8.83909  6.315  40000 
 8.84866  6.285  40000 
 8.8633  6.255  40000 
 8.865  6.25244  40000 
 8.89148  6.225  40000 
 8.895  6.22122  40000 
 8.925  6.20094  40000 
 8.93664  6.195  40000 
 8.955  6.18571  40000 
 8.985  6.17622  40000 
 9.015  6.17105  40000 
 9.045  6.17554  40000 
 9.075  6.19243  40000 
 9.105  6.19129  40000 
 9.135  6.18944  40000 
 9.15194  6.195  40000 
 9.165  6.19851  40000 
 9.19476  6.195  40000 
 9.195  6.19496  40000 
 9.225  6.21209  40000 
 9.24163  6.225  40000 
 9.255  6.25388  40000 
 9.25608  6.255  40000 
 9.285  6.27366  40000 
 9.29176  6.285  40000 
 9.30215  6.315  40000 
 9.30333  6.345  40000 
 9.30451  6.375  40000 
 9.30971  6.405  40000 
 9.30876  6.435  40000 
 9.30139  6.465  40000 
 9.28909  6.495  40000 
 9.285  6.50154  40000 
 9.27029  6.525  40000 
 9.255  6.5463  40000 
 9.24794  6.555  40000 
 9.225  6.57919  40000 
 9.21948  6.585  40000 
 9.195  6.6052  40000 
 9.1838  6.615  40000 
 9.165  6.62587  40000 
 9.135  6.63902  40000 
 9.105  6.63474  40000 
 9.075  6.61504  40000 
 9.045  6.61703  40000 
 9.015  6.62389  40000 
 8.985  6.61599  40000 


# Contour 21, label:  3.5e+04
 9.135  5.7067  35000 
 9.12736  5.685  35000 
 9.135  5.65683  35000 
 9.14586  5.685  35000 
 9.135  5.7067  35000 

# Contour 22, label: 
 8.685  6.22503  35000 
 8.6829  6.195  35000 
 8.68082  6.165  35000 
 8.66994  6.135  35000 
 8.655  6.11535  35000 
 8.65396  6.105  35000 
 8.65236  6.075  35000 
 8.65151  6.045  35000 
 8.65081  6.015  35000 
 8.6509  5.985  35000 
 8.65178  5.955  35000 
 8.65275  5.925  35000 
 8.65437  5.895  35000 
 8.655  5.88871  35000 
 8.67291  5.865  35000 
 8.6826  5.835  35000 
 8.6841  5.805  35000 
 8.685  5.79209  35000 
 8.70933  5.775  35000 
 8.715  5.77219  35000 
 8.71777  5.775  35000 
 8.72784  5.805  35000 
 8.73069  5.835  35000 
 8.73452  5.865  35000 
 8.73936  5.895  35000 
 8.7424  5.925  35000 
 8.74359  5.955  35000 
 8.74338  5.985  35000 
 8.74302  6.015  35000 
 8.74278  6.045  35000 
 8.74195  6.075  35000 
 8.74017  6.105  35000 
 8.73831  6.135  35000 
 8.73784  6.165  35000 
 8.73554  6.195  35000 
 8.72532  6.225  35000 
 8.715  6.2365  35000 
 8.685  6.22503  35000 

# Contour 23, label: 
 9.135  6.33453  35000 
 9.12887  6.315  35000 
 9.135  6.30145  35000 
 9.14416  6.315  35000 
 9.135  6.33453  35000 

# Contour 24, label: 
 8.925  6.59762  35000 
 8.91261  6.585  35000 
 8.925  6.56278  35000 
 8.95352  6.585  35000 
 8.925  6.59762  35000 

# Contour 25, label: 
 9.045  5.36476  35000 
 9.06478  5.355  35000 
 9.075  5.35197  35000 
 9.105  5.34618  35000 
 9.135  5.34875  35000 
 9.15373  5.355  35000 
 9.165  5.3616  35000 
 9.195  5.38112  35000 
 9.20118  5.385  35000 
 9.225  5.40586  35000 
 9.23651  5.415  35000 
 9.255  5.43542  35000 
 9.26544  5.445  35000 
 9.285  5.47366  35000 
 9.2864  5.475  35000 
 9.3069  5.505  35000 
 9.315  5.52499  35000 
 9.32253  5.535  35000 
 9.3351  5.565  35000 
 9.34336  5.595  35000 
 9.345  5.60267  35000 
 9.35583  5.625  35000 
 9.36829  5.655  35000 
 9.375  5.67393  35000 
 9.38161  5.685  35000 
 9.39691  5.715  35000 
 9.405  5.73045  35000 
 9.41547  5.745  35000 
 9.435  5.77086  35000 
 9.43908  5.775  35000 
 9.465  5.80073  35000 
 9.47087  5.805  35000 
 9.495  5.82142  35000 
 9.52  5.835  35000 
 9.525  5.83747  35000 
 9.555  5.86259  35000 
 9.55631  5.865  35000 
 9.57367  5.895  35000 
 9.585  5.91279  35000 
 9.5874  5.925  35000 
 9.59225  5.955  35000 
 9.59574  5.985  35000 
 9.59591  6.015  35000 
 9.59264  6.045  35000 
 9.58779  6.075  35000 
 9.585  6.08895  35000 
 9.57438  6.105  35000 
 9.55616  6.135  35000 
 9.555  6.13708  35000 
 9.525  6.16113  35000 
 9.51747  6.165  35000 
 9.495  6.17755  35000 
 9.4702  6.195  35000 
 9.465  6.19885  35000 
 9.43585  6.225  35000 
 9.435  6.2258  35000 
 9.4103  6.255  35000 
 9.405  6.26197  35000 
 9.39409  6.285  35000 
 9.38264  6.315  35000 
 9.375  6.33623  35000 
 9.37356  6.345  35000 
 9.36644  6.375  35000 
 9.35788  6.405  35000 
 9.345  6.42884  35000 
 9.34344  6.435  35000 
 9.33325  6.465  35000 
 9.315  6.49253  35000 
 9.31384  6.495  35000 
 9.29654  6.525  35000 
 9.285  6.53693  35000 
 9.27144  6.555  35000 
 9.255  6.57082  35000 
 9.24135  6.585  35000 
 9.225  6.59801  35000 
 9.20565  6.615  35000 
 9.195  6.62162  35000 
 9.165  6.6412  35000 
 9.15779  6.645  35000 
 9.135  6.65143  35000 
 9.105  6.6531  35000 
 9.075  6.64788  35000 

# Contour 26, label: 
 9.075  6.64788  35000 
 9.06393  6.645  35000 
 9.045  6.63715  35000 
 9.015  6.63702  35000 
 8.985  6.62514  35000 
 8.98044  6.615  35000 
 8.95922  6.585  35000 
 8.955  6.58193  35000 
 8.93805  6.555  35000 
 8.925  6.5378  35000 
 8.91363  6.525  35000 
 8.90319  6.495  35000 
 8.895  6.4925  35000 
 8.865  6.46547  35000 
 8.86424  6.465  35000 
 8.83649  6.435  35000 
 8.835  6.43294  35000 
 8.81567  6.405  35000 
 8.81219  6.375  35000 
 8.81195  6.345  35000 
 8.81342  6.315  35000 
 8.81816  6.285  35000 
 8.83409  6.255  35000 
 8.835  6.25351  35000 
 8.84778  6.225  35000 
 8.865  6.20252  35000 
 8.87182  6.195  35000 
 8.895  6.17001  35000 
 8.90164  6.165  35000 
 8.925  6.1441  35000 
 8.94238  6.135  35000 
 8.955  6.12571  35000 
 8.985  6.11073  35000 
 9.00195  6.105  35000 
 9.015  6.09885  35000 
 9.045  6.09247  35000 
 9.075  6.08408  35000 
 9.08906  6.075  35000 
 9.105  6.04535  35000 
 9.135  6.06569  35000 
 9.165  6.06508  35000 
 9.17541  6.075  35000 
 9.195  6.10225  35000 
 9.225  6.09751  35000 
 9.255  6.10396  35000 
 9.28001  6.075  35000 
 9.285  6.05932  35000 
 9.2921  6.045  35000 
 9.285  6.02958  35000 
 9.28004  6.015  35000 
 9.285  5.99214  35000 
 9.28766  5.985  35000 
 9.28507  5.955  35000 
 9.2731  5.925  35000 
 9.255  5.90418  35000 
 9.225  5.9098  35000 
 9.195  5.90761  35000 
 9.18387  5.925  35000 
 9.165  5.93716  35000 
 9.135  5.93917  35000 
 9.1056  5.955  35000 
 9.105  5.95619  35000 
 9.1043  5.955  35000 
 9.08819  5.925  35000 
 9.075  5.90806  35000 
 9.045  5.89699  35000 
 9.0405  5.895  35000 
 9.015  5.88974  35000 
 8.985  5.8692  35000 
 8.98019  5.865  35000 
 8.955  5.85497  35000 
 8.92586  5.835  35000 
 8.925  5.83461  35000 
 8.895  5.81095  35000 
 8.89012  5.805  35000 
 8.86655  5.775  35000 
 8.865  5.77326  35000 
 8.84381  5.745  35000 
 8.835  5.72322  35000 
 8.82979  5.715  35000 
 8.81753  5.685  35000 
 8.81338  5.655  35000 
 8.81242  5.625  35000 
 8.81573  5.595  35000 
 8.835  5.56619  35000 
 8.83606  5.565  35000 
 8.865  5.53692  35000 
 8.86704  5.535  35000 
 8.895  5.51052  35000 
 8.90851  5.505  35000 
 8.91411  5.475  35000 
 8.91978  5.445  35000 
 8.91178  5.415  35000 
 8.925  5.40152  35000 
 8.955  5.40442  35000 
 8.97959  5.385  35000 
 8.985  5.37569  35000 
 9.015  5.36409  35000 
 9.045  5.36476  35000 


# Contour 27, label:    3e+04
 9.54088  5.655  30000 
 9.555  5.67377  30000 
 9.5593  5.685  30000 
 9.57218  5.715  30000 
 9.585  5.73555  30000 
 9.5877  5.745  30000 
 9.59574  5.775  30000 
 9.6069  5.805  30000 
 9.615  5.82404  30000 
 9.61686  5.835  30000 
 9.62144  5.865  30000 
 9.62595  5.895  30000 
 9.63006  5.925  30000 
 9.63327  5.955  30000 
 9.63537  5.985  30000 
 9.63549  6.015  30000 
 9.63358  6.045  30000 
 9.6305  6.075  30000 
 9.62645  6.105  30000 
 9.62196  6.135  30000 
 9.6174  6.165  30000 
 9.615  6.17953  30000 
 9.60846  6.195  30000 
 9.59695  6.225  30000 
 9.58868  6.255  30000 
 9.585  6.26815  30000 
 9.5745  6.285  30000 
 9.56076  6.315  30000 
 9.555  6.33038  30000 
 9.54406  6.345  30000 
 9.52755  6.375  30000 
 9.525  6.37982  30000 
 9.50282  6.405  30000 
 9.495  6.41712  30000 
 9.47624  6.435  30000 
 9.465  6.4483  30000 
 9.44454  6.465  30000 
 9.435  6.47289  30000 
 9.405  6.49463  30000 
 9.40419  6.495  30000 
 9.375  6.50543  30000 
 9.345  6.52193  30000 
 9.34211  6.525  30000 
 9.315  6.54326  30000 
 9.30392  6.555  30000 
 9.285  6.56733  30000 
 9.26625  6.585  30000 
 9.255  6.59142  30000 
 9.225  6.6142  30000 
 9.22409  6.615  30000 
 9.195  6.63308  30000 
 9.17759  6.645  30000 
 9.165  6.65049  30000 
 9.135  6.65964  30000 
 9.105  6.66379  30000 
 9.075  6.6605  30000 
 9.045  6.65186  30000 
 9.015  6.6482  30000 

# Contour 28, label: 
 9.015  6.6482  30000 
 9.00747  6.645  30000 
 8.985  6.63429  30000 
 8.97632  6.615  30000 
 8.955  6.58882  30000 
 8.925  6.60031  30000 
 8.90998  6.585  30000 
 8.925  6.55805  30000 
 8.93012  6.555  30000 
 8.925  6.54825  30000 
 8.90435  6.525  30000 
 8.895  6.50933  30000 
 8.87832  6.495  30000 
 8.865  6.48248  30000 
 8.83681  6.465  30000 
 8.835  6.46306  30000 
 8.805  6.44053  30000 
 8.79987  6.435  30000 
 8.775  6.40667  30000 
 8.77424  6.405  30000 
 8.745  6.37509  30000 
 8.73652  6.345  30000 
 8.715  6.32353  30000 
 8.71185  6.315  30000 
 8.70441  6.285  30000 
 8.685  6.26228  30000 
 8.68252  6.255  30000 
 8.67661  6.225  30000 
 8.67032  6.195  30000 
 8.65782  6.165  30000 
 8.655  6.16054  30000 
 8.6507  6.135  30000 
 8.6473  6.105  30000 
 8.64493  6.075  30000 
 8.64337  6.045  30000 
 8.64232  6.015  30000 
 8.64238  5.985  30000 
 8.64356  5.955  30000 
 8.64522  5.925  30000 
 8.64761  5.895  30000 
 8.65097  5.865  30000 
 8.655  5.84069  30000 
 8.65865  5.835  30000 
 8.67103  5.805  30000 
 8.67711  5.775  30000 
 8.68262  5.745  30000 
 8.685  5.73783  30000 
 8.70506  5.715  30000 
 8.71231  5.685  30000 
 8.715  5.67733  30000 
 8.73779  5.655  30000 
 8.745  5.63108  30000 
 8.75132  5.625  30000 
 8.775  5.59937  30000 
 8.7772  5.595  30000 
 8.80014  5.565  30000 
 8.805  5.56001  30000 
 8.835  5.53815  30000 
 8.83823  5.535  30000 
 8.865  5.51864  30000 
 8.87965  5.505  30000 
 8.895  5.49168  30000 
 8.9047  5.475  30000 
 8.9155  5.445  30000 
 8.90928  5.415  30000 
 8.925  5.39898  30000 
 8.955  5.40018  30000 
 8.97422  5.385  30000 
 8.985  5.36645  30000 
 9.00894  5.355  30000 
 9.015  5.3524  30000 
 9.045  5.34893  30000 
 9.075  5.33956  30000 
 9.105  5.33626  30000 
 9.135  5.34125  30000 
 9.165  5.35143  30000 
 9.17273  5.355  30000 
 9.195  5.3704  30000 
 9.21825  5.385  30000 
 9.225  5.39091  30000 
 9.255  5.4146  30000 
 9.25579  5.415  30000 
 9.285  5.43996  30000 
 9.29373  5.445  30000 
 9.315  5.46488  30000 
 9.33284  5.475  30000 
 9.345  5.48565  30000 
 9.375  5.49915  30000 
 9.39256  5.505  30000 
 9.405  5.51002  30000 
 9.435  5.52993  30000 
 9.44078  5.535  30000 
 9.465  5.55553  30000 
 9.47284  5.565  30000 
 9.495  5.58674  30000 
 9.50035  5.595  30000 
 9.525  5.62312  30000 
 9.52602  5.625  30000 
 9.54088  5.655  30000 


# Contour 29, label:  2.5e+04
 9.57774  5.685  25000 
 9.585  5.69668  25000 
 9.59158  5.715  25000 
 9.60309  5.745  25000 
 9.615  5.76964  25000 
 9.61655  5.775  25000 
 9.62336  5.805  25000 
 9.63041  5.835  25000 
 9.638  5.865  25000 
 9.645  5.89341  25000 
 9.64521  5.895  25000 
 9.64798  5.925  25000 
 9.64984  5.955  25000 
 9.65092  5.985  25000 
 9.65098  6.015  25000 
 9.65  6.045  25000 
 9.64825  6.075  25000 
 9.6456  6.105  25000 
 9.645  6.10976  25000 
 9.63894  6.135  25000 
 9.63134  6.165  25000 
 9.62423  6.195  25000 
 9.61746  6.225  25000 
 9.615  6.23387  25000 
 9.60489  6.255  25000 
 9.59288  6.285  25000 
 9.585  6.30795  25000 
 9.58066  6.315  25000 
 9.56336  6.345  25000 
 9.555  6.36269  25000 
 9.5458  6.375  25000 
 9.52771  6.405  25000 
 9.525  6.40913  25000 
 9.50305  6.435  25000 
 9.495  6.44579  25000 
 9.47679  6.465  25000 
 9.465  6.47821  25000 
 9.44725  6.495  25000 
 9.435  6.50626  25000 
 9.41325  6.525  25000 
 9.405  6.53126  25000 
 9.375  6.55408  25000 
 9.37352  6.555  25000 
 9.345  6.56707  25000 
 9.315  6.58455  25000 
 9.31424  6.585  25000 
 9.285  6.59525  25000 
 9.255  6.61093  25000 
 9.2496  6.615  25000 
 9.225  6.62687  25000 
 9.195  6.64454  25000 
 9.19433  6.645  25000 
 9.165  6.65778  25000 
 9.135  6.66784  25000 
 9.105  6.67448  25000 
 9.075  6.67312  25000 
 9.045  6.66312  25000 
 9.015  6.65638  25000 

# Contour 30, label: 
 9.015  6.65638  25000 
 8.98827  6.645  25000 
 8.985  6.64344  25000 
 8.97221  6.615  25000 
 8.955  6.59387  25000 
 8.925  6.60299  25000 
 8.90734  6.585  25000 
 8.92269  6.555  25000 
 8.89507  6.525  25000 
 8.865  6.49767  25000 
 8.85694  6.495  25000 
 8.835  6.48196  25000 
 8.805  6.46897  25000 
 8.80129  6.465  25000 
 8.775  6.43796  25000 
 8.77312  6.435  25000 
 8.75762  6.405  25000 
 8.745  6.39209  25000 
 8.73583  6.375  25000 
 8.715  6.34557  25000 
 8.7147  6.345  25000 
 8.70357  6.315  25000 
 8.68824  6.285  25000 
 8.685  6.2812  25000 
 8.67607  6.255  25000 
 8.66823  6.225  25000 
 8.65775  6.195  25000 
 8.655  6.18902  25000 
 8.64972  6.165  25000 
 8.64459  6.135  25000 
 8.64063  6.105  25000 
 8.6375  6.075  25000 
 8.63523  6.045  25000 
 8.63384  6.015  25000 
 8.63386  5.985  25000 
 8.63534  5.955  25000 
 8.6377  5.925  25000 
 8.64084  5.895  25000 
 8.64477  5.865  25000 
 8.64984  5.835  25000 
 8.655  5.81134  25000 
 8.65797  5.805  25000 
 8.66843  5.775  25000 
 8.67604  5.745  25000 
 8.685  5.71799  25000 
 8.68763  5.715  25000 
 8.70366  5.685  25000 
 8.71434  5.655  25000 
 8.715  5.65372  25000 
 8.73601  5.625  25000 
 8.745  5.60803  25000 
 8.75782  5.595  25000 
 8.77286  5.565  25000 
 8.775  5.56159  25000 
 8.80131  5.535  25000 
 8.805  5.53113  25000 
 8.835  5.51849  25000 
 8.85816  5.505  25000 
 8.865  5.50282  25000 
 8.895  5.47551  25000 
 8.8953  5.475  25000 
 8.91122  5.445  25000 
 8.90678  5.415  25000 
 8.925  5.39643  25000 
 8.955  5.39593  25000 
 8.96884  5.385  25000 
 8.985  5.35721  25000 
 8.98962  5.355  25000 
 9.015  5.34413  25000 
 9.045  5.33743  25000 
 9.075  5.32715  25000 
 9.105  5.32634  25000 
 9.135  5.33374  25000 
 9.165  5.34429  25000 
 9.18823  5.355  25000 
 9.195  5.35969  25000 
 9.225  5.37694  25000 
 9.24372  5.385  25000 
 9.255  5.3929  25000 
 9.285  5.40742  25000 
 9.30884  5.415  25000 
 9.315  5.41835  25000 
 9.345  5.43475  25000 
 9.36847  5.445  25000 
 9.375  5.44915  25000 
 9.405  5.47039  25000 
 9.41095  5.475  25000 
 9.435  5.49596  25000 
 9.44469  5.505  25000 
 9.465  5.52452  25000 
 9.47432  5.535  25000 
 9.495  5.55703  25000 
 9.50097  5.565  25000 
 9.525  5.59352  25000 
 9.526  5.595  25000 
 9.54292  5.625  25000 
 9.555  5.64118  25000 
 9.56169  5.655  25000 
 9.57774  5.685  25000 


# Contour 31, label:    2e+04
 9.51318  5.565  20000 
 9.525  5.57902  20000 
 9.53572  5.595  20000 
 9.555  5.62122  20000 
 9.55756  5.625  20000 
 9.57265  5.655  20000 
 9.585  5.6745  20000 
 9.59035  5.685  20000 
 9.60224  5.715  20000 
 9.615  5.74025  20000 
 9.61702  5.745  20000 
 9.62579  5.775  20000 
 9.63432  5.805  20000 
 9.64396  5.835  20000 
 9.645  5.83851  20000 
 9.65009  5.865  20000 
 9.65412  5.895  20000 
 9.65717  5.925  20000 
 9.65928  5.955  20000 
 9.66051  5.985  20000 
 9.66059  6.015  20000 
 9.65947  6.045  20000 
 9.65747  6.075  20000 
 9.65455  6.105  20000 
 9.65067  6.135  20000 
 9.64519  6.165  20000 
 9.645  6.16571  20000 
 9.63552  6.195  20000 
 9.62686  6.225  20000 
 9.61834  6.255  20000 
 9.615  6.26326  20000 
 9.60399  6.285  20000 
 9.5919  6.315  20000 
 9.585  6.32913  20000 
 9.57488  6.345  20000 
 9.55938  6.375  20000 
 9.555  6.38171  20000 
 9.53774  6.405  20000 
 9.525  6.42442  20000 
 9.51603  6.435  20000 
 9.495  6.46321  20000 
 9.4933  6.465  20000 
 9.46591  6.495  20000 
 9.465  6.49594  20000 
 9.435  6.52422  20000 
 9.43409  6.525  20000 
 9.405  6.54706  20000 
 9.3948  6.555  20000 
 9.375  6.56778  20000 
 9.35027  6.585  20000 
 9.345  6.58815  20000 
 9.315  6.60155  20000 
 9.28919  6.615  20000 
 9.285  6.61663  20000 
 9.255  6.62635  20000 
 9.225  6.63936  20000 
 9.2154  6.645  20000 
 9.195  6.65341  20000 
 9.165  6.66507  20000 
 9.13758  6.675  20000 
 9.135  6.67611  20000 
 9.105  6.68242  20000 
 9.075  6.68225  20000 

# Contour 32, label: 
 9.075  6.68225  20000 
 9.04685  6.675  20000 
 9.045  6.67437  20000 
 9.015  6.66455  20000 
 8.985  6.65171  20000 
 8.9791  6.645  20000 
 8.96809  6.615  20000 
 8.955  6.59892  20000 
 8.925  6.60568  20000 
 8.90471  6.585  20000 
 8.91617  6.555  20000 
 8.895  6.53202  20000 
 8.88396  6.525  20000 
 8.865  6.50777  20000 
 8.835  6.49834  20000 
 8.82795  6.495  20000 
 8.805  6.48255  20000 
 8.78861  6.465  20000 
 8.775  6.451  20000 
 8.76482  6.435  20000 
 8.745  6.40775  20000 
 8.74312  6.405  20000 
 8.72671  6.375  20000 
 8.715  6.35846  20000 
 8.70792  6.345  20000 
 8.69529  6.315  20000 
 8.685  6.29675  20000 
 8.6796  6.285  20000 
 8.66962  6.255  20000 
 8.65985  6.225  20000 
 8.655  6.21224  20000 
 8.64973  6.195  20000 
 8.6437  6.165  20000 
 8.63847  6.135  20000 
 8.63397  6.105  20000 
 8.63008  6.075  20000 
 8.62708  6.045  20000 
 8.62535  6.015  20000 
 8.62534  5.985  20000 
 8.62712  5.955  20000 
 8.63017  5.925  20000 
 8.63408  5.895  20000 
 8.63857  5.865  20000 
 8.64376  5.835  20000 
 8.64977  5.805  20000 
 8.655  5.78744  20000 
 8.65975  5.775  20000 
 8.66945  5.745  20000 
 8.67929  5.715  20000 
 8.685  5.70228  20000 
 8.695  5.685  20000 
 8.70751  5.655  20000 
 8.715  5.64048  20000 
 8.72633  5.625  20000 
 8.74275  5.595  20000 
 8.745  5.59161  20000 
 8.76431  5.565  20000 
 8.775  5.548  20000 
 8.78786  5.535  20000 
 8.805  5.51702  20000 
 8.82766  5.505  20000 
 8.835  5.50172  20000 
 8.865  5.49261  20000 
 8.88422  5.475  20000 
 8.895  5.46727  20000 
 8.90694  5.445  20000 
 8.90428  5.415  20000 
 8.925  5.39388  20000 
 8.955  5.39169  20000 
 8.96347  5.385  20000 
 8.97948  5.355  20000 
 8.985  5.34875  20000 
 9.015  5.33585  20000 
 9.045  5.32594  20000 
 9.04769  5.325  20000 
 9.075  5.31798  20000 
 9.105  5.31826  20000 
 9.1302  5.325  20000 
 9.135  5.32624  20000 
 9.165  5.33715  20000 
 9.195  5.34968  20000 
 9.20897  5.355  20000 
 9.225  5.36361  20000 
 9.255  5.37558  20000 
 9.285  5.38449  20000 
 9.28628  5.385  20000 
 9.315  5.40004  20000 
 9.345  5.41314  20000 
 9.348  5.415  20000 
 9.375  5.43398  20000 
 9.39163  5.445  20000 
 9.405  5.45552  20000 
 9.43015  5.475  20000 
 9.435  5.47923  20000 
 9.46263  5.505  20000 
 9.465  5.50727  20000 
 9.48965  5.535  20000 
 9.495  5.54069  20000 
 9.51318  5.565  20000 


# Contour 33, label:  1.5e+04
 9.50146  5.535  15000 
 9.525  5.56459  15000 
 9.52537  5.565  15000 
 9.54544  5.595  15000 
 9.555  5.60801  15000 
 9.5665  5.625  15000 
 9.58361  5.655  15000 
 9.585  5.65719  15000 
 9.59917  5.685  15000 
 9.6129  5.715  15000 
 9.615  5.71915  15000 
 9.62597  5.745  15000 
 9.63502  5.775  15000 
 9.645  5.80429  15000 
 9.64529  5.805  15000 
 9.65357  5.835  15000 
 9.6589  5.865  15000 
 9.66303  5.895  15000 
 9.66635  5.925  15000 
 9.66873  5.955  15000 
 9.67011  5.985  15000 
 9.67019  6.015  15000 
 9.66895  6.045  15000 
 9.66669  6.075  15000 
 9.66349  6.105  15000 
 9.65948  6.135  15000 
 9.65436  6.165  15000 
 9.64674  6.195  15000 
 9.645  6.19943  15000 
 9.63626  6.225  15000 
 9.6272  6.255  15000 
 9.61511  6.285  15000 
 9.615  6.28518  15000 
 9.60072  6.315  15000 
 9.58632  6.345  15000 
 9.585  6.34681  15000 
 9.56823  6.375  15000 
 9.555  6.39525  15000 
 9.54777  6.405  15000 
 9.52821  6.435  15000 
 9.525  6.43864  15000 
 9.50359  6.465  15000 
 9.495  6.4745  15000 
 9.47582  6.495  15000 
 9.465  6.50616  15000 
 9.44525  6.525  15000 
 9.435  6.53467  15000 
 9.41095  6.555  15000 
 9.405  6.56028  15000 
 9.375  6.58088  15000 
 9.36909  6.585  15000 
 9.345  6.59939  15000 
 9.31872  6.615  15000 
 9.315  6.61734  15000 
 9.285  6.62909  15000 
 9.255  6.64069  15000 
 9.24438  6.645  15000 
 9.225  6.65141  15000 
 9.195  6.66217  15000 
 9.165  6.67236  15000 
 9.15772  6.675  15000 
 9.135  6.68482  15000 
 9.105  6.69021  15000 
 9.075  6.69078  15000 
 9.045  6.68505  15000 

# Contour 34, label: 
 9.045  6.68505  15000 
 9.02185  6.675  15000 
 9.015  6.67272  15000 
 8.985  6.65981  15000 
 8.97199  6.645  15000 
 8.96398  6.615  15000 
 8.955  6.60398  15000 
 8.925  6.60836  15000 
 8.90207  6.585  15000 
 8.90965  6.555  15000 
 8.895  6.5391  15000 
 8.87284  6.525  15000 
 8.865  6.51787  15000 
 8.835  6.51017  15000 
 8.805  6.49611  15000 
 8.80395  6.495  15000 
 8.77592  6.465  15000 
 8.775  6.46405  15000 
 8.75652  6.435  15000 
 8.745  6.41916  15000 
 8.73531  6.405  15000 
 8.71759  6.375  15000 
 8.715  6.37134  15000 
 8.70114  6.345  15000 
 8.68701  6.315  15000 
 8.685  6.31144  15000 
 8.67284  6.285  15000 
 8.66317  6.255  15000 
 8.655  6.23249  15000 
 8.65099  6.225  15000 
 8.64299  6.195  15000 
 8.63767  6.165  15000 
 8.63236  6.135  15000 
 8.62731  6.105  15000 
 8.625  6.08931  15000 
 8.62182  6.075  15000 
 8.61845  6.045  15000 
 8.61705  6.015  15000 
 8.61704  5.985  15000 
 8.61846  5.955  15000 
 8.62184  5.925  15000 
 8.625  5.91065  15000 
 8.62731  5.895  15000 
 8.63237  5.865  15000 
 8.63767  5.835  15000 
 8.643  5.805  15000 
 8.65073  5.775  15000 
 8.655  5.76675  15000 
 8.66286  5.745  15000 
 8.67256  5.715  15000 
 8.685  5.68731  15000 
 8.68634  5.685  15000 
 8.70069  5.655  15000 
 8.715  5.62723  15000 
 8.71664  5.625  15000 
 8.73492  5.595  15000 
 8.745  5.57983  15000 
 8.75576  5.565  15000 
 8.77453  5.535  15000 
 8.775  5.53442  15000 
 8.80313  5.505  15000 
 8.805  5.50305  15000 
 8.835  5.48983  15000 
 8.865  5.48241  15000 
 8.87309  5.475  15000 
 8.895  5.45928  15000 
 8.90266  5.445  15000 
 8.90178  5.415  15000 
 8.925  5.39133  15000 
 8.955  5.38745  15000 
 8.9581  5.385  15000 
 8.97222  5.355  15000 
 8.985  5.34054  15000 
 9.015  5.32758  15000 
 9.02259  5.325  15000 
 9.045  5.31515  15000 
 9.075  5.30949  15000 
 9.105  5.31046  15000 
 9.135  5.31724  15000 
 9.1513  5.325  15000 
 9.165  5.33001  15000 
 9.195  5.34022  15000 
 9.225  5.3506  15000 
 9.23928  5.355  15000 
 9.255  5.36077  15000 
 9.285  5.37205  15000 
 9.315  5.38404  15000 
 9.31646  5.385  15000 
 9.345  5.40209  15000 
 9.36581  5.415  15000 
 9.375  5.42146  15000 
 9.405  5.44178  15000 
 9.40856  5.445  15000 
 9.435  5.46733  15000 
 9.44305  5.475  15000 
 9.465  5.49604  15000 
 9.47371  5.505  15000 
 9.495  5.52795  15000 
 9.50146  5.535  15000 

# Contour 35, label: 
 6.315  7.91513  15000 
 6.285  7.93496  15000 
 6.255  7.95243  15000 
 6.23154  7.965  15000 
 6.225  7.96857  15000 
 6.195  7.9842  15000 
 6.17359  7.995  15000 
 6.165  7.99945  15000 
 6.135  8.01451  15000 
 6.1134  8.025  15000 
 6.105  8.02914  15000 
 6.075  8.04327  15000 
 6.04873  8.055  15000 
 6.045  8.05667  15000 
 6.015  8.06922  15000 
 5.985  8.08086  15000 
 5.97337  8.085  15000 
 5.955  8.09148  15000 
 5.925  8.10109  15000 
 5.895  8.10975  15000 
 5.87457  8.115  15000 
 5.865  8.11739  15000 
 5.835  8.12392  15000 
 5.805  8.1296  15000 
 5.775  8.13466  15000 
 5.745  8.13938  15000 
 5.715  8.14399  15000 
 5.70821  8.145  15000 
 5.685  8.14854  15000 
 5.655  8.15283  15000 
 5.625  8.15656  15000 
 5.595  8.15965  15000 
 5.565  8.16186  15000 
 5.535  8.16319  15000 
 5.505  8.16358  15000 
 5.475  8.16328  15000 
 5.445  8.16258  15000 
 5.415  8.16159  15000 
 5.385  8.16028  15000 
 5.355  8.15847  15000 
 5.325  8.1561  15000 
 5.295  8.15301  15000 
 5.265  8.14933  15000 
 5.235  8.14539  15000 

# Contour 36, label: 
 7.095  5.80377  15000 
 7.09512  5.805  15000 
 7.09736  5.835  15000 
 7.09916  5.865  15000 
 7.10057  5.895  15000 
 7.10161  5.925  15000 
 7.10226  5.955  15000 
 7.10256  5.985  15000 
 7.10245  6.015  15000 
 7.10208  6.045  15000 
 7.10149  6.075  15000 
 7.10063  6.105  15000 
 7.0994  6.135  15000 
 7.09768  6.165  15000 
 7.09529  6.195  15000 
 7.095  6.19774  15000 
 7.09202  6.225  15000 
 7.08811  6.255  15000 
 7.08376  6.285  15000 
 7.07916  6.315  15000 
 7.07444  6.345  15000 
 7.0696  6.375  15000 
 7.065  6.40258  15000 
 7.06458  6.405  15000 
 7.05899  6.435  15000 
 7.05297  6.465  15000 
 7.04644  6.495  15000 
 7.03949  6.525  15000 
 7.035  6.54343  15000 
 7.03207  6.555  15000 
 7.02425  6.585  15000 
 7.01643  6.615  15000 
 7.0086  6.645  15000 
 7.005  6.65833  15000 
 7.00027  6.675  15000 
 6.99136  6.705  15000 
 6.98209  6.735  15000 
 6.975  6.75743  15000 
 6.97251  6.765  15000 
 6.96257  6.795  15000 
 6.95279  6.825  15000 
 6.945  6.84929  15000 
 6.94313  6.855  15000 
 6.9333  6.885  15000 
 6.92372  6.915  15000 
 6.915  6.94307  15000 
 6.91438  6.945  15000 
 6.90472  6.975  15000 
 6.89514  7.005  15000 
 6.88548  7.035  15000 
 6.885  7.03647  15000 
 6.87478  7.065  15000 
 6.864  7.095  15000 
 6.855  7.12007  15000 
 6.8531  7.125  15000 
 6.84165  7.155  15000 
 6.83041  7.185  15000 
 6.825  7.19947  15000 
 6.81879  7.215  15000 
 6.8067  7.245  15000 
 6.795  7.2738  15000 
 6.79447  7.275  15000 
 6.78135  7.305  15000 
 6.76858  7.335  15000 
 6.765  7.34356  15000 
 6.75526  7.365  15000 
 6.74185  7.395  15000 
 6.735  7.41042  15000 
 6.7279  7.425  15000 
 6.7132  7.455  15000 
 6.705  7.4715  15000 
 6.69757  7.485  15000 
 6.68069  7.515  15000 
 6.675  7.52483  15000 
 6.66216  7.545  15000 
 6.645  7.57136  15000 
 6.64245  7.575  15000 
 6.62144  7.605  15000 
 6.615  7.6145  15000 
 6.60033  7.635  15000 
 6.585  7.65694  15000 
 6.57901  7.665  15000 
 6.55657  7.695  15000 
 6.555  7.69706  15000 
 6.53159  7.725  15000 
 6.525  7.73265  15000 
 6.50347  7.755  15000 
 6.495  7.76357  15000 
 6.47186  7.785  15000 
 6.465  7.7913  15000 
 6.43778  7.815  15000 
 6.435  7.81745  15000 
 6.405  7.84308  15000 
 6.4027  7.845  15000 
 6.375  7.86844  15000 
 6.3669  7.875  15000 
 6.345  7.89275  15000 
 6.32868  7.905  15000 
 6.315  7.91513  15000 

# Contour 37, label: 
 5.985  3.9197  15000 
 6.015  3.93069  15000 
 6.045  3.94283  15000 
 6.04992  3.945  15000 
 6.075  3.95603  15000 
 6.105  3.97004  15000 
 6.11511  3.975  15000 
 6.135  3.98465  15000 
 6.165  3.99963  15000 
 6.17545  4.005  15000 
 6.195  4.0149  15000 
 6.225  4.0305  15000 
 6.23319  4.035  15000 
 6.255  4.04693  15000 
 6.285  4.06474  15000 
 6.28541  4.065  15000 
 6.315  4.08438  15000 
 6.32984  4.095  15000 
 6.345  4.10596  15000 
 6.36928  4.125  15000 
 6.375  4.12949  15000 
 6.405  4.155  15000 
 6.435  4.18203  15000 
 6.43813  4.185  15000 
 6.465  4.20999  15000 
 6.47022  4.215  15000 
 6.495  4.23816  15000 
 6.50209  4.245  15000 
 6.525  4.26695  15000 
 6.53268  4.275  15000 
 6.555  4.29915  15000 
 6.55971  4.305  15000 
 6.58292  4.335  15000 
 6.585  4.33777  15000 
 6.60362  4.365  15000 
 6.615  4.3816  15000 
 6.62355  4.395  15000 
 6.64306  4.425  15000 
 6.645  4.42797  15000 
 6.66169  4.455  15000 
 6.675  4.47668  15000 
 6.67969  4.485  15000 
 6.69645  4.515  15000 
 6.705  4.5303  15000 
 6.71245  4.545  15000 
 6.72764  4.575  15000 
 6.735  4.58956  15000 
 6.74208  4.605  15000 
 6.75583  4.635  15000 
 6.765  4.65491  15000 
 6.76927  4.665  15000 
 6.78212  4.695  15000 
 6.795  4.72448  15000 
 6.79521  4.725  15000 
 6.80732  4.755  15000 
 6.81951  4.785  15000 
 6.825  4.79848  15000 
 6.83118  4.815  15000 
 6.84246  4.845  15000 
 6.85399  4.875  15000 
 6.855  4.87761  15000 
 6.86459  4.905  15000 
 6.87518  4.935  15000 
 6.885  4.96282  15000 
 6.88571  4.965  15000 
 6.89531  4.995  15000 
 6.90493  5.025  15000 
 6.91463  5.055  15000 
 6.915  5.05616  15000 
 6.92392  5.085  15000 
 6.93339  5.115  15000 
 6.94303  5.145  15000 
 6.945  5.15104  15000 
 6.9526  5.175  15000 
 6.96232  5.205  15000 
 6.9721  5.235  15000 
 6.975  5.24405  15000 
 6.98158  5.265  15000 
 6.99065  5.295  15000 
 6.9993  5.325  15000 
 7.005  5.34544  15000 
 7.00759  5.355  15000 
 7.01559  5.385  15000 
 7.02362  5.415  15000 
 7.03165  5.445  15000 
 7.035  5.45797  15000 
 7.03925  5.475  15000 
 7.04624  5.505  15000 
 7.0527  5.535  15000 
 7.05872  5.565  15000 
 7.0644  5.595  15000 
 7.065  5.5983  15000 
 7.06967  5.625  15000 
 7.07481  5.655  15000 
 7.07978  5.685  15000 
 7.08445  5.715  15000 
 7.08864  5.745  15000 
 7.0922  5.775  15000 
 7.095  5.80377  15000 

# Contour 38, label: 
 3.92809  4.635  15000 
 3.945  4.61643  15000 
 3.95511  4.605  15000 
 3.975  4.5827  15000 
 3.98176  4.575  15000 
 4.005  4.54877  15000 
 4.0084  4.545  15000 
 4.035  4.51628  15000 
 4.03625  4.515  15000 
 4.065  4.48585  15000 
 4.06586  4.485  15000 
 4.095  4.45651  15000 
 4.09657  4.455  15000 
 4.125  4.42777  15000 
 4.12788  4.425  15000 
 4.155  4.39887  15000 
 4.15908  4.395  15000 
 4.185  4.37073  15000 
 4.19137  4.365  15000 
 4.215  4.34402  15000 
 4.22551  4.335  15000 
 4.245  4.31855  15000 
 4.26158  4.305  15000 
 4.275  4.29421  15000 
 4.29944  4.275  15000 
 4.305  4.27071  15000 
 4.335  4.24806  15000 
 4.33911  4.245  15000 
 4.365  4.22615  15000 
 4.38031  4.215  15000 
 4.395  4.20451  15000 
 4.42224  4.185  15000 
 4.425  4.18305  15000 
 4.455  4.16175  15000 
 4.46456  4.155  15000 
 4.485  4.1408  15000 
 4.50846  4.125  15000 
 4.515  4.12067  15000 
 4.545  4.10166  15000 
 4.55619  4.095  15000 
 4.575  4.08401  15000 
 4.605  4.06742  15000 
 4.6096  4.065  15000 
 4.635  4.05188  15000 
 4.665  4.03697  15000 
 4.66909  4.035  15000 
 4.695  4.02274  15000 
 4.725  4.00897  15000 
 4.7339  4.005  15000 
 4.755  3.99575  15000 
 4.785  3.98287  15000 
 4.80368  3.975  15000 
 4.815  3.97031  15000 
 4.845  3.95799  15000 
 4.875  3.94589  15000 
 4.87723  3.945  15000 
 4.905  3.93421  15000 
 4.935  3.92318  15000 
 4.959  3.915  15000 
 4.965  3.91299  15000 
 4.995  3.90374  15000 
 5.025  3.89531  15000 
 5.055  3.88763  15000 
 5.06573  3.885  15000 
 5.085  3.88037  15000 
 5.115  3.87398  15000 
 5.145  3.86807  15000 
 5.175  3.86259  15000 
 5.205  3.85757  15000 
 5.22181  3.855  15000 
 5.235  3.85302  15000 
 5.265  3.84942  15000 
 5.295  3.84625  15000 
 5.325  3.84364  15000 
 5.355  3.8417  15000 
 5.385  3.84035  15000 
 5.415  3.83949  15000 
 5.445  3.83884  15000 
 5.475  3.83836  15000 
 5.505  3.83822  15000 
 5.535  3.83859  15000 
 5.565  3.8398  15000 
 5.595  3.84192  15000 
 5.625  3.84487  15000 
 5.655  3.84832  15000 
 5.685  3.85194  15000 
 5.70955  3.855  15000 
 5.715  3.85567  15000 
 5.745  3.85964  15000 
 5.775  3.86429  15000 
 5.805  3.86996  15000 
 5.835  3.87667  15000 
 5.865  3.88423  15000 
 5.86785  3.885  15000 
 5.895  3.89241  15000 
 5.925  3.90089  15000 
 5.955  3.90985  15000 
 5.97074  3.915  15000 
 5.985  3.9197  15000 

# Contour 39, label: 
 3.585  6.82967  15000 
 3.58323  6.825  15000 
 3.57127  6.795  15000 
 3.55801  6.765  15000 
 3.555  6.75862  15000 
 3.54239  6.735  15000 
 3.52601  6.705  15000 
 3.525  6.70314  15000 
 3.51  6.675  15000 
 3.49552  6.645  15000 
 3.495  6.64385  15000 
 3.483  6.615  15000 
 3.47259  6.585  15000 
 3.465  6.55837  15000 
 3.46415  6.555  15000 
 3.45757  6.525  15000 
 3.45217  6.495  15000 
 3.4474  6.465  15000 
 3.44283  6.435  15000 
 3.43823  6.405  15000 
 3.435  6.38318  15000 
 3.43372  6.375  15000 
 3.42925  6.345  15000 
 3.42482  6.315  15000 
 3.42054  6.285  15000 
 3.41651  6.255  15000 
 3.41274  6.225  15000 
 3.4094  6.195  15000 
 3.40656  6.165  15000 
 3.405  6.14534  15000 
 3.40416  6.135  15000 
 3.40223  6.105  15000 
 3.40087  6.075  15000 
 3.39994  6.045  15000 
 3.39959  6.015  15000 
 3.39982  5.985  15000 
 3.40057  5.955  15000 
 3.40183  5.925  15000 
 3.40362  5.895  15000 
 3.405  5.87722  15000 
 3.40592  5.865  15000 
 3.40868  5.835  15000 
 3.41196  5.805  15000 
 3.41563  5.775  15000 
 3.41952  5.745  15000 
 3.42355  5.715  15000 
 3.42758  5.685  15000 
 3.43156  5.655  15000 
 3.435  5.6284  15000 
 3.4354  5.625  15000 
 3.43919  5.595  15000 
 3.44312  5.565  15000 
 3.44726  5.535  15000 
 3.45164  5.505  15000 
 3.4568  5.475  15000 
 3.46332  5.445  15000 
 3.465  5.43833  15000 
 3.47172  5.415  15000 
 3.48229  5.385  15000 
 3.495  5.35522  15000 
 3.4951  5.355  15000 
 3.50994  5.325  15000 
 3.525  5.29743  15000 
 3.52634  5.295  15000 
 3.543  5.265  15000 
 3.555  5.24261  15000 
 3.55853  5.235  15000 
 3.57148  5.205  15000 
 3.58318  5.175  15000 
 3.585  5.17012  15000 
 3.59335  5.145  15000 
 3.60305  5.115  15000 
 3.61292  5.085  15000 
 3.615  5.07926  15000 
 3.62434  5.055  15000 
 3.63781  5.025  15000 
 3.645  5.01104  15000 
 3.65432  4.995  15000 
 3.6738  4.965  15000 
 3.675  4.96332  15000 
 3.69619  4.935  15000 
 3.705  4.92377  15000 
 3.71948  4.905  15000 
 3.735  4.8852  15000 
 3.74252  4.875  15000 
 3.76458  4.845  15000 
 3.765  4.84443  15000 
 3.785  4.815  15000 
 3.795  4.80045  15000 
 3.8053  4.785  15000 
 3.825  4.75674  15000 
 3.82626  4.755  15000 
 3.84953  4.725  15000 
 3.855  4.71829  15000 
 3.8746  4.695  15000 
 3.885  4.68309  15000 
 3.90102  4.665  15000 
 3.915  4.64955  15000 
 3.92809  4.635  15000 

# Contour 40, label: 
 5.235  8.14539  15000 
 5.23247  8.145  15000 
 5.205  8.14065  15000 
 5.175  8.13562  15000 
 5.145  8.13036  15000 
 5.115  8.12481  15000 
 5.085  8.11901  15000 
 5.06661  8.115  15000 
 5.055  8.11241  15000 
 5.025  8.10545  15000 
 4.995  8.09777  15000 
 4.965  8.08906  15000 
 4.95249  8.085  15000 
 4.935  8.07923  15000 
 4.905  8.06828  15000 
 4.875  8.05639  15000 
 4.87165  8.055  15000 
 4.845  8.0437  15000 
 4.815  8.03076  15000 
 4.80167  8.025  15000 
 4.785  8.01764  15000 
 4.755  8.0044  15000 
 4.73389  7.995  15000 
 4.725  7.99095  15000 
 4.695  7.97719  15000 
 4.66884  7.965  15000 
 4.665  7.96317  15000 
 4.635  7.94853  15000 
 4.60823  7.935  15000 
 4.605  7.93333  15000 
 4.575  7.91693  15000 
 4.5545  7.905  15000 
 4.545  7.89935  15000 
 4.515  7.88024  15000 
 4.50717  7.875  15000 
 4.485  7.8599  15000 
 4.46378  7.845  15000 
 4.455  7.83873  15000 
 4.425  7.81735  15000 
 4.42168  7.815  15000 
 4.395  7.79589  15000 
 4.37975  7.785  15000 
 4.365  7.77426  15000 
 4.33871  7.755  15000 
 4.335  7.75222  15000 
 4.305  7.72932  15000 
 4.29947  7.725  15000 
 4.275  7.70547  15000 
 4.26221  7.695  15000 
 4.245  7.6806  15000 
 4.22687  7.665  15000 
 4.215  7.65456  15000 
 4.19323  7.635  15000 
 4.185  7.62746  15000 
 4.16093  7.605  15000 
 4.155  7.59942  15000 
 4.12889  7.575  15000 
 4.125  7.57137  15000 
 4.09681  7.545  15000 
 4.095  7.54331  15000 
 4.06527  7.515  15000 
 4.065  7.51474  15000 
 4.035  7.485  15000 
 4.0067  7.455  15000 
 4.005  7.45316  15000 
 3.98036  7.425  15000 
 3.975  7.41881  15000 
 3.95431  7.395  15000 
 3.945  7.3842  15000 
 3.92807  7.365  15000 
 3.915  7.35009  15000 
 3.9016  7.335  15000 
 3.885  7.31592  15000 
 3.87561  7.305  15000 
 3.855  7.28006  15000 
 3.85095  7.275  15000 
 3.82829  7.245  15000 
 3.825  7.24034  15000 
 3.80736  7.215  15000 
 3.795  7.19643  15000 
 3.78701  7.185  15000 
 3.76632  7.155  15000 
 3.765  7.15304  15000 
 3.74431  7.125  15000 
 3.735  7.11244  15000 
 3.72116  7.095  15000 
 3.705  7.07404  15000 
 3.69792  7.065  15000 
 3.6756  7.035  15000 
 3.675  7.03413  15000 
 3.65592  7.005  15000 
 3.645  6.98635  15000 
 3.63903  6.975  15000 
 3.62528  6.945  15000 
 3.615  6.91886  15000 
 3.61358  6.915  15000 
 3.60352  6.885  15000 
 3.59358  6.855  15000 
 3.585  6.82967  15000 


# Contour 41, label:    1e+04
 9.525  5.55213  10000 
 9.53654  5.565  10000 
 9.555  5.59471  10000 
 9.55526  5.595  10000 
 9.57545  5.625  10000 
 9.585  5.6415  10000 
 9.59517  5.655  10000 
 9.60799  5.685  10000 
 9.615  5.69991  10000 
 9.62458  5.715  10000 
 9.63493  5.745  10000 
 9.64425  5.775  10000 
 9.645  5.7772  10000 
 9.6565  5.805  10000 
 9.66286  5.835  10000 
 9.66771  5.865  10000 
 9.67194  5.895  10000 
 9.675  5.92066  10000 
 9.67592  5.925  10000 
 9.67976  5.955  10000 
 9.68154  5.985  10000 
 9.68165  6.015  10000 
 9.68006  6.045  10000 
 9.67655  6.075  10000 
 9.675  6.08272  10000 
 9.67244  6.105  10000 
 9.66829  6.135  10000 
 9.66354  6.165  10000 
 9.65754  6.195  10000 
 9.64611  6.225  10000 
 9.645  6.22696  10000 
 9.63607  6.255  10000 
 9.62632  6.285  10000 
 9.615  6.3036  10000 
 9.60954  6.315  10000 
 9.59714  6.345  10000 
 9.585  6.36167  10000 
 9.57707  6.375  10000 
 9.559  6.405  10000 
 9.555  6.40951  10000 
 9.5386  6.435  10000 
 9.525  6.45042  10000 
 9.51316  6.465  10000 
 9.495  6.4851  10000 
 9.48574  6.495  10000 
 9.465  6.51638  10000 
 9.45596  6.525  10000 
 9.435  6.54477  10000 
 9.42291  6.555  10000 
 9.405  6.57089  10000 
 9.3852  6.585  10000 
 9.375  6.59396  10000 
 9.345  6.61063  10000 
 9.33764  6.615  10000 
 9.315  6.62925  10000 
 9.285  6.64156  10000 
 9.27651  6.645  10000 
 9.255  6.65481  10000 
 9.225  6.6631  10000 
 9.195  6.67093  10000 
 9.18236  6.675  10000 
 9.165  6.68359  10000 
 9.135  6.69353  10000 
 9.105  6.698  10000 
 9.075  6.6993  10000 
 9.045  6.69569  10000 
 9.015  6.68593  10000 

# Contour 42, label: 
 9.015  6.68593  10000 
 9.00148  6.675  10000 
 8.985  6.6679  10000 
 8.96487  6.645  10000 
 8.95986  6.615  10000 
 8.955  6.60903  10000 
 8.925  6.61104  10000 
 8.89944  6.585  10000 
 8.90313  6.555  10000 
 8.895  6.54617  10000 
 8.865  6.52973  10000 
 8.84886  6.525  10000 
 8.835  6.52201  10000 
 8.805  6.50951  10000 
 8.79128  6.495  10000 
 8.775  6.47757  10000 
 8.76466  6.465  10000 
 8.74822  6.435  10000 
 8.745  6.43057  10000 
 8.72751  6.405  10000 
 8.715  6.38427  10000 
 8.70654  6.375  10000 
 8.69436  6.345  10000 
 8.685  6.32563  10000 
 8.67607  6.315  10000 
 8.66609  6.285  10000 
 8.65672  6.255  10000 
 8.655  6.25026  10000 
 8.64147  6.225  10000 
 8.63625  6.195  10000 
 8.63165  6.165  10000 
 8.62624  6.135  10000 
 8.625  6.12788  10000 
 8.61656  6.105  10000 
 8.61175  6.075  10000 
 8.60964  6.045  10000 
 8.60876  6.015  10000 
 8.60876  5.985  10000 
 8.60965  5.955  10000 
 8.61177  5.925  10000 
 8.61652  5.895  10000 
 8.625  5.8717  10000 
 8.62617  5.865  10000 
 8.63159  5.835  10000 
 8.63624  5.805  10000 
 8.64131  5.775  10000 
 8.655  5.74854  10000 
 8.65628  5.745  10000 
 8.66584  5.715  10000 
 8.67537  5.685  10000 
 8.685  5.67317  10000 
 8.69387  5.655  10000 
 8.70559  5.625  10000 
 8.715  5.61451  10000 
 8.7271  5.595  10000 
 8.745  5.56806  10000 
 8.74722  5.565  10000 
 8.76376  5.535  10000 
 8.775  5.52118  10000 
 8.79047  5.505  10000 
 8.805  5.48984  10000 
 8.835  5.47793  10000 
 8.84922  5.475  10000 
 8.865  5.47061  10000 
 8.895  5.45129  10000 
 8.89837  5.445  10000 
 8.89927  5.415  10000 
 8.925  5.38878  10000 
 8.94834  5.385  10000 
 8.955  5.37793  10000 
 8.96496  5.355  10000 
 8.985  5.33233  10000 
 9.00194  5.325  10000 
 9.015  5.31441  10000 
 9.045  5.30443  10000 
 9.075  5.30101  10000 
 9.105  5.30267  10000 
 9.135  5.30794  10000 
 9.165  5.32036  10000 
 9.17486  5.325  10000 
 9.195  5.33075  10000 
 9.225  5.33819  10000 
 9.255  5.34621  10000 
 9.27365  5.355  10000 
 9.285  5.35962  10000 
 9.315  5.37189  10000 
 9.33491  5.385  10000 
 9.345  5.39105  10000 
 9.375  5.40822  10000 
 9.38257  5.415  10000 
 9.405  5.43078  10000 
 9.42072  5.445  10000 
 9.435  5.45706  10000 
 9.45381  5.475  10000 
 9.465  5.48572  10000 
 9.48375  5.505  10000 
 9.495  5.51713  10000 
 9.51137  5.535  10000 
 9.525  5.55213  10000 

# Contour 43, label: 
 1.185  0.964542  10000 
 1.2068  0.945  10000 
 1.215  0.937411  10000 
 1.23875  0.915  10000 
 1.245  0.908892  10000 
 1.26903  0.885  10000 
 1.275  0.878807  10000 
 1.29784  0.855  10000 
 1.305  0.847156  10000 
 1.3251  0.825  10000 
 1.335  0.813592  10000 
 1.35093  0.795  10000 
 1.365  0.777797  10000 
 1.37534  0.765  10000 
 1.395  0.739279  10000 
 1.39823  0.735  10000 
 1.4198  0.705  10000 
 1.425  0.697393  10000 
 1.4401  0.675  10000 
 1.455  0.651396  10000 
 1.45897  0.645  10000 
 1.47676  0.615  10000 
 1.485  0.600392  10000 
 1.49354  0.585  10000 
 1.50921  0.555  10000 
 1.515  0.543201  10000 
 1.52379  0.525  10000 
 1.53733  0.495  10000 
 1.545  0.477408  10000 
 1.55033  0.465  10000 
 1.56269  0.435  10000 
 1.57383  0.405  10000 
 1.575  0.401245  10000 
 1.58303  0.375  10000 
 1.59019  0.345  10000 
 1.59599  0.315  10000 
 1.60129  0.285  10000 
 1.605  0.261253  10000 
 1.60595  0.255  10000 
 1.60972  0.225  10000 
 1.61247  0.195  10000 
 1.61394  0.165  10000 
 1.61401  0.135  10000 
 1.61304  0.105  10000 
 1.61085  0.075  10000 
 1.60709  0.045  10000 
 1.605  0.0385955  10000 
 1.59637  0.015  10000 

# Contour 44, label: 
 0.691943  0.015  10000 
 0.675  0.0249867  10000 
 0.645  0.0436479  10000 
 0.642926  0.045  10000 
 0.615  0.0728879  10000 
 0.612971  0.075  10000 
 0.585391  0.105  10000 
 0.585  0.105445  10000 
 0.560066  0.135  10000 
 0.555  0.14126  10000 
 0.536538  0.165  10000 
 0.525  0.180559  10000 
 0.514664  0.195  10000 
 0.495  0.223925  10000 
 0.494297  0.225  10000 
 0.475529  0.255  10000 
 0.465  0.272813  10000 
 0.458052  0.285  10000 
 0.441742  0.315  10000 
 0.435  0.328098  10000 
 0.426584  0.345  10000 
 0.412415  0.375  10000 
 0.405  0.391647  10000 
 0.399239  0.405  10000 
 0.387042  0.435  10000 
 0.375593  0.465  10000 
 0.375  0.46666  10000 
 0.365163  0.495  10000 
 0.355587  0.525  10000 
 0.346713  0.555  10000 
 0.345  0.561316  10000 
 0.338779  0.585  10000 
 0.331567  0.615  10000 
 0.325041  0.645  10000 
 0.319119  0.675  10000 
 0.315  0.698077  10000 
 0.313805  0.705  10000 
 0.309392  0.735  10000 
 0.305909  0.765  10000 
 0.30323  0.795  10000 
 0.301337  0.825  10000 
 0.30027  0.855  10000 
 0.299927  0.885  10000 
 0.300093  0.915  10000 
 0.300698  0.945  10000 
 0.301971  0.975  10000 
 0.304037  1.005  10000 
 0.307242  1.035  10000 
 0.311673  1.065  10000 
 0.315  1.0822  10000 
 0.317657  1.095  10000 
 0.325141  1.125  10000 
 0.334185  1.155  10000 
 0.344712  1.185  10000 
 0.345  1.18571  10000 
 0.358553  1.215  10000 
 0.375  1.24342  10000 
 0.376145  1.245  10000 
 0.403583  1.275  10000 
 0.405  1.27625  10000 
 0.435  1.29429  10000 
 0.465  1.30389  10000 
 0.472317  1.305  10000 
 0.495  1.30806  10000 
 0.525  1.30911  10000 
 0.555  1.30748  10000 
 0.572956  1.305  10000 
 0.585  1.30333  10000 
 0.615  1.29706  10000 
 0.645  1.28928  10000 
 0.675  1.27999  10000 
 0.688814  1.275  10000 
 0.705  1.26914  10000 
 0.735  1.25693  10000 
 0.761749  1.245  10000 
 0.765  1.24354  10000 
 0.795  1.22889  10000 
 0.822434  1.215  10000 
 0.825  1.21367  10000 
 0.855  1.19753  10000 
 0.877823  1.185  10000 
 0.885  1.18096  10000 
 0.915  1.16354  10000 
 0.929234  1.155  10000 
 0.945  1.14533  10000 
 0.975  1.12606  10000 
 0.976583  1.125  10000 
 1.005  1.10564  10000 
 1.01999  1.095  10000 
 1.035  1.08412  10000 
 1.06064  1.065  10000 
 1.065  1.06165  10000 
 1.095  1.03851  10000 
 1.09948  1.035  10000 
 1.125  1.01426  10000 
 1.1365  1.005  10000 
 1.155  0.989756  10000 
 1.17284  0.975  10000 
 1.185  0.964542  10000 

# Contour 45, label: 
 11.985  1.46622  10000 
 11.977  1.485  10000 
 11.9662  1.515  10000 
 11.9579  1.545  10000 
 11.955  1.55742  10000 
 11.925  1.55342  10000 
 11.9135  1.545  10000 
 11.8953  1.515  10000 
 11.895  1.51405  10000 
 11.8805  1.485  10000 
 11.8711  1.455  10000 
 11.865  1.42863  10000 
 11.8638  1.425  10000 
 11.8529  1.395  10000 
 11.8435  1.365  10000 
 11.8356  1.335  10000 
 11.835  1.33252  10000 
 11.8238  1.305  10000 
 11.8136  1.275  10000 
 11.8052  1.245  10000 
 11.805  1.24429  10000 
 11.7927  1.215  10000 
 11.782  1.185  10000 
 11.775  1.16185  10000 
 11.772  1.155  10000 
 11.7592  1.125  10000 
 11.7482  1.095  10000 
 11.745  1.08529  10000 
 11.7355  1.065  10000 
 11.7221  1.035  10000 
 11.715  1.01743  10000 
 11.7087  1.005  10000 
 11.6936  0.975  10000 
 11.685  0.957328  10000 
 11.6779  0.945  10000 
 11.6611  0.915  10000 
 11.655  0.903986  10000 
 11.6424  0.885  10000 
 11.625  0.857691  10000 
 11.623  0.855  10000 
 11.6006  0.825  10000 
 11.595  0.817313  10000 
 11.5768  0.795  10000 
 11.565  0.780639  10000 
 11.5524  0.765  10000 
 11.535  0.743954  10000 
 11.5281  0.735  10000 
 11.505  0.705806  10000 
 11.5044  0.705  10000 
 11.4816  0.675  10000 
 11.475  0.666367  10000 
 11.4586  0.645  10000 
 11.445  0.627474  10000 
 11.435  0.615  10000 
 11.415  0.590466  10000 
 11.4104  0.585  10000 
 11.385  0.555744  10000 
 11.3843  0.555  10000 
 11.357  0.525  10000 
 11.355  0.522878  10000 
 11.3286  0.495  10000 
 11.325  0.491196  10000 
 11.3  0.465  10000 
 11.295  0.459784  10000 
 11.2715  0.435  10000 
 11.265  0.428226  10000 
 11.2429  0.405  10000 
 11.235  0.396818  10000 
 11.2135  0.375  10000 
 11.205  0.366473  10000 
 11.1831  0.345  10000 
 11.175  0.337189  10000 
 11.152  0.315  10000 
 11.145  0.308258  10000 
 11.1211  0.285  10000 
 11.115  0.279019  10000 
 11.0901  0.255  10000 
 11.085  0.250103  10000 
 11.0579  0.225  10000 
 11.055  0.222353  10000 
 11.025  0.195546  10000 
 11.0244  0.195  10000 
 10.995  0.168968  10000 
 10.9905  0.165  10000 
 10.965  0.142684  10000 
 10.956  0.135  10000 
 10.935  0.117194  10000 
 10.9204  0.105  10000 
 10.905  0.0921236  10000 
 10.8842  0.075  10000 
 10.875  0.0672834  10000 
 10.8475  0.045  10000 
 10.845  0.0436741  10000 
 10.815  0.0279279  10000 
 10.7899  0.015  10000 

# Contour 46, label: 
 10.7904  11.985  10000 
 10.815  11.9723  10000 
 10.845  11.9565  10000 
 10.8478  11.955  10000 
 10.875  11.933  10000 
 10.8845  11.925  10000 
 10.905  11.9082  10000 
 10.9207  11.895  10000 
 10.935  11.8831  10000 
 10.9563  11.865  10000 
 10.965  11.8576  10000 
 10.9908  11.835  10000 
 10.995  11.8313  10000 
 11.0247  11.805  10000 
 11.025  11.8047  10000 
 11.055  11.7779  10000 
 11.0582  11.775  10000 
 11.085  11.7502  10000 
 11.0904  11.745  10000 
 11.115  11.7213  10000 
 11.1215  11.715  10000 
 11.145  11.692  10000 
 11.1523  11.685  10000 
 11.175  11.6631  10000 
 11.1833  11.655  10000 
 11.205  11.6338  10000 
 11.2138  11.625  10000 
 11.235  11.6035  10000 
 11.2432  11.595  10000 
 11.265  11.5721  10000 
 11.2718  11.565  10000 
 11.295  11.5405  10000 
 11.3003  11.535  10000 
 11.325  11.5091  10000 
 11.3289  11.505  10000 
 11.355  11.4774  10000 
 11.3573  11.475  10000 
 11.3846  11.445  10000 
 11.385  11.4446  10000 
 11.4106  11.415  10000 
 11.415  11.4098  10000 
 11.4353  11.385  10000 
 11.445  11.3729  10000 
 11.4589  11.355  10000 
 11.475  11.334  10000 
 11.4819  11.325  10000 
 11.5047  11.295  10000 
 11.505  11.2946  10000 
 11.5283  11.265  10000 
 11.535  11.2564  10000 
 11.5527  11.235  10000 
 11.565  11.2197  10000 
 11.577  11.205  10000 
 11.595  11.183  10000 
 11.6009  11.175  10000 
 11.6233  11.145  10000 
 11.625  11.1427  10000 
 11.6426  11.115  10000 
 11.655  11.0964  10000 
 11.6613  11.085  10000 
 11.6781  11.055  10000 
 11.685  11.043  10000 
 11.6938  11.025  10000 
 11.7089  10.995  10000 
 11.715  10.983  10000 
 11.7223  10.965  10000 
 11.7357  10.935  10000 
 11.745  10.9151  10000 
 11.7484  10.905  10000 
 11.7594  10.875  10000 
 11.7722  10.845  10000 
 11.775  10.8386  10000 
 11.7821  10.815  10000 
 11.7928  10.785  10000 
 11.805  10.7561  10000 
 11.8053  10.755  10000 
 11.8137  10.725  10000 
 11.824  10.695  10000 
 11.835  10.6679  10000 
 11.8357  10.665  10000 
 11.8436  10.635  10000 
 11.853  10.605  10000 
 11.8639  10.575  10000 
 11.865  10.5718  10000 
 11.8712  10.545  10000 
 11.8806  10.515  10000 
 11.895  10.4863  10000 
 11.8955  10.485  10000 
 11.9138  10.455  10000 
 11.925  10.4469  10000 
 11.955  10.4429  10000 
 11.9579  10.455  10000 
 11.9661  10.485  10000 
 11.9769  10.515  10000 
 11.985  10.5341  10000 

# Contour 47, label: 
 7.575  1.07182  10000 
 7.57941  1.065  10000 
 7.60174  1.035  10000 
 7.605  1.03115  10000 
 7.6298  1.005  10000 
 7.635  1.00005  10000 
 7.66369  0.975  10000 
 7.665  0.97392  10000 
 7.695  0.950331  10000 
 7.70197  0.945  10000 
 7.725  0.927795  10000 
 7.74235  0.915  10000 
 7.755  0.905843  10000 
 7.78346  0.885  10000 
 7.785  0.88388  10000 
 7.815  0.861648  10000 
 7.82375  0.855  10000 
 7.845  0.838999  10000 
 7.86339  0.825  10000 
 7.875  0.816325  10000 
 7.90377  0.795  10000 
 7.905  0.794116  10000 
 7.935  0.772774  10000 
 7.94609  0.765  10000 
 7.965  0.752034  10000 
 7.99027  0.735  10000 
 7.995  0.731825  10000 
 8.025  0.711851  10000 
 8.03539  0.705  10000 
 8.055  0.692044  10000 
 8.08096  0.675  10000 
 8.085  0.672341  10000 
 8.115  0.652737  10000 
 8.12691  0.645  10000 
 8.145  0.633252  10000 
 8.1733  0.615  10000 
 8.175  0.613907  10000 
 8.205  0.594622  10000 
 8.21997  0.585  10000 
 8.235  0.575372  10000 
 8.265  0.555967  10000 
 8.26649  0.555  10000 
 8.295  0.536493  10000 
 8.31249  0.525  10000 
 8.325  0.516803  10000 
 8.355  0.496995  10000 
 8.358  0.495  10000 
 8.385  0.477173  10000 
 8.40362  0.465  10000 
 8.415  0.457677  10000 
 8.445  0.438733  10000 
 8.45102  0.435  10000 
 8.475  0.420419  10000 
 8.50069  0.405  10000 
 8.505  0.402456  10000 
 8.535  0.384949  10000 
 8.55218  0.375  10000 
 8.565  0.3676  10000 
 8.595  0.350366  10000 
 8.60438  0.345  10000 
 8.625  0.333324  10000 
 8.655  0.316228  10000 
 8.65715  0.315  10000 
 8.685  0.299159  10000 
 8.70972  0.285  10000 
 8.715  0.281962  10000 
 8.745  0.264682  10000 
 8.76178  0.255  10000 
 8.775  0.247403  10000 
 8.805  0.230273  10000 
 8.81435  0.225  10000 
 8.835  0.21347  10000 
 8.865  0.19693  10000 
 8.86854  0.195  10000 
 8.895  0.180692  10000 
 8.92433  0.165  10000 
 8.925  0.164647  10000 
 8.955  0.148797  10000 
 8.98112  0.135  10000 
 8.985  0.132956  10000 
 9.015  0.117207  10000 
 9.03839  0.105  10000 
 9.045  0.101552  10000 
 9.075  0.0860648  10000 
 9.09662  0.075  10000 
 9.105  0.0707274  10000 
 9.135  0.0556107  10000 
 9.15632  0.045  10000 
 9.165  0.0420521  10000 
 9.195  0.0319242  10000 
 9.225  0.0218038  10000 
 9.24523  0.015  10000 

# Contour 48, label: 
 7.24219  3.495  10000 
 7.2412  3.465  10000 
 7.24014  3.435  10000 
 7.23886  3.405  10000 
 7.23726  3.375  10000 
 7.23534  3.345  10000 
 7.23335  3.315  10000 
 7.23143  3.285  10000 
 7.22946  3.255  10000 
 7.22726  3.225  10000 
 7.22466  3.195  10000 
 7.22155  3.165  10000 
 7.21781  3.135  10000 
 7.215  3.11425  10000 
 7.2137  3.105  10000 
 7.20983  3.075  10000 
 7.20637  3.045  10000 
 7.20305  3.015  10000 
 7.19973  2.985  10000 
 7.19638  2.955  10000 
 7.19293  2.925  10000 
 7.1894  2.895  10000 
 7.18597  2.865  10000 
 7.185  2.85566  10000 
 7.18277  2.835  10000 
 7.17998  2.805  10000 
 7.17768  2.775  10000 
 7.17567  2.745  10000 
 7.17363  2.715  10000 
 7.17147  2.685  10000 
 7.16913  2.655  10000 
 7.16661  2.625  10000 
 7.16398  2.595  10000 
 7.16134  2.565  10000 
 7.1588  2.535  10000 
 7.15637  2.505  10000 
 7.155  2.48581  10000 
 7.15421  2.475  10000 
 7.15233  2.445  10000 
 7.15078  2.415  10000 
 7.14954  2.385  10000 
 7.14859  2.355  10000 
 7.14795  2.325  10000 
 7.1476  2.295  10000 
 7.14756  2.265  10000 
 7.1479  2.235  10000 
 7.14879  2.205  10000 
 7.15038  2.175  10000 
 7.15262  2.145  10000 
 7.155  2.11902  10000 
 7.15537  2.115  10000 
 7.15853  2.085  10000 
 7.16227  2.055  10000 
 7.16657  2.025  10000 
 7.17141  1.995  10000 
 7.17654  1.965  10000 
 7.1819  1.935  10000 
 7.185  1.9181  10000 
 7.18744  1.905  10000 
 7.19303  1.875  10000 
 7.19877  1.845  10000 
 7.20456  1.815  10000 
 7.21045  1.785  10000 
 7.215  1.76238  10000 
 7.21649  1.755  10000 
 7.22272  1.725  10000 
 7.22947  1.695  10000 
 7.23689  1.665  10000 
 7.245  1.63572  10000 
 7.2452  1.635  10000 
 7.25445  1.605  10000 
 7.26459  1.575  10000 
 7.275  1.54652  10000 
 7.27556  1.545  10000 
 7.2872  1.515  10000 
 7.29944  1.485  10000 
 7.305  1.47184  10000 
 7.31232  1.455  10000 
 7.3272  1.425  10000 
 7.335  1.41177  10000 
 7.34613  1.395  10000 
 7.365  1.37128  10000 
 7.37055  1.365  10000 
 7.395  1.3399  10000 
 7.39993  1.335  10000 
 7.425  1.31066  10000 
 7.43055  1.305  10000 
 7.455  1.27806  10000 
 7.45748  1.275  10000 
 7.47928  1.245  10000 
 7.485  1.23616  10000 
 7.49773  1.215  10000 
 7.51456  1.185  10000 
 7.515  1.18417  10000 
 7.53028  1.155  10000 
 7.545  1.12656  10000 
 7.5458  1.125  10000 
 7.56149  1.095  10000 
 7.575  1.07182  10000 

# Contour 49, label: 
 7.6553  5.895  10000 
 7.65184  5.865  10000 
 7.64766  5.835  10000 
 7.64279  5.805  10000 
 7.63727  5.775  10000 
 7.635  5.76424  10000 
 7.63094  5.745  10000 
 7.62375  5.715  10000 
 7.61569  5.685  10000 
 7.60685  5.655  10000 
 7.605  5.64925  10000 
 7.59725  5.625  10000 
 7.58707  5.595  10000 
 7.57638  5.565  10000 
 7.575  5.56139  10000 
 7.56499  5.535  10000 
 7.55289  5.505  10000 
 7.545  5.48683  10000 
 7.53993  5.475  10000 
 7.52615  5.445  10000 
 7.515  5.4219  10000 
 7.51173  5.415  10000 
 7.49686  5.385  10000 
 7.485  5.36139  10000 
 7.48183  5.355  10000 
 7.46655  5.325  10000 
 7.455  5.30249  10000 
 7.45121  5.295  10000 
 7.43557  5.265  10000 
 7.425  5.24516  10000 
 7.41979  5.235  10000 
 7.40406  5.205  10000 
 7.395  5.18796  10000 
 7.38798  5.175  10000 
 7.3717  5.145  10000 
 7.365  5.13239  10000 
 7.35596  5.115  10000 
 7.34075  5.085  10000 
 7.335  5.07336  10000 
 7.32596  5.055  10000 
 7.31171  5.025  10000 
 7.305  5.0105  10000 
 7.29788  4.995  10000 
 7.28448  4.965  10000 
 7.275  4.94247  10000 
 7.27183  4.935  10000 
 7.25963  4.905  10000 
 7.24838  4.875  10000 
 7.245  4.86556  10000 
 7.23719  4.845  10000 
 7.22636  4.815  10000 
 7.21645  4.785  10000 
 7.215  4.78026  10000 
 7.20706  4.755  10000 
 7.1986  4.725  10000 
 7.19127  4.695  10000 
 7.18506  4.665  10000 
 7.185  4.66469  10000 
 7.17914  4.635  10000 
 7.17403  4.605  10000 
 7.16968  4.575  10000 
 7.16615  4.545  10000 
 7.16351  4.515  10000 
 7.16149  4.485  10000 
 7.16174  4.455  10000 
 7.16188  4.425  10000 
 7.16194  4.395  10000 
 7.1628  4.365  10000 
 7.1641  4.335  10000 
 7.16605  4.305  10000 
 7.16841  4.275  10000 
 7.17136  4.245  10000 
 7.17472  4.215  10000 
 7.17853  4.185  10000 
 7.18269  4.155  10000 
 7.185  4.13821  10000 
 7.18679  4.125  10000 
 7.1908  4.095  10000 
 7.19514  4.065  10000 
 7.19939  4.035  10000 
 7.20352  4.005  10000 
 7.20786  3.975  10000 
 7.2125  3.945  10000 
 7.215  3.92886  10000 
 7.2172  3.915  10000 
 7.22175  3.885  10000 
 7.22592  3.855  10000 
 7.22944  3.825  10000 
 7.23242  3.795  10000 
 7.23511  3.765  10000 
 7.23752  3.735  10000 
 7.23943  3.705  10000 
 7.2408  3.675  10000 
 7.24187  3.645  10000 
 7.24281  3.615  10000 
 7.24347  3.585  10000 
 7.24356  3.555  10000 
 7.24305  3.525  10000 
 7.24219  3.495  10000 

# Contour 50, label: 
 7.23844  8.295  10000 
 7.23634  8.265  10000 
 7.2339  8.235  10000 
 7.23104  8.205  10000 
 7.22778  8.175  10000 
 7.22412  8.145  10000 
 7.22011  8.115  10000 
 7.21596  8.085  10000 
 7.215  8.07822  10000 
 7.21176  8.055  10000 
 7.20768  8.025  10000 
 7.20373  7.995  10000 
 7.19975  7.965  10000 
 7.19557  7.935  10000 
 7.19114  7.905  10000 
 7.1867  7.875  10000 
 7.185  7.86382  10000 
 7.18208  7.845  10000 
 7.17774  7.815  10000 
 7.17384  7.785  10000 
 7.17053  7.755  10000 
 7.16766  7.725  10000 
 7.1654  7.695  10000 
 7.1635  7.665  10000 
 7.1622  7.635  10000 
 7.16128  7.605  10000 
 7.16121  7.575  10000 
 7.16092  7.545  10000 
 7.16065  7.515  10000 
 7.1625  7.485  10000 
 7.16493  7.455  10000 
 7.16852  7.425  10000 
 7.17304  7.395  10000 
 7.17865  7.365  10000 
 7.18493  7.335  10000 
 7.185  7.33471  10000 
 7.19154  7.305  10000 
 7.19912  7.275  10000 
 7.20764  7.245  10000 
 7.215  7.22148  10000 
 7.21696  7.215  10000 
 7.22659  7.185  10000 
 7.23702  7.155  10000 
 7.245  7.13359  10000 
 7.24807  7.125  10000 
 7.25939  7.095  10000 
 7.2717  7.065  10000 
 7.275  7.0573  10000 
 7.28434  7.035  10000 
 7.29774  7.005  10000 
 7.305  6.98936  10000 
 7.31177  6.975  10000 
 7.32636  6.945  10000 
 7.335  6.92761  10000 
 7.34132  6.915  10000 
 7.35651  6.885  10000 
 7.365  6.86837  10000 
 7.37195  6.855  10000 
 7.38778  6.825  10000 
 7.395  6.8113  10000 
 7.40345  6.795  10000 
 7.41887  6.765  10000 
 7.425  6.75304  10000 
 7.43459  6.735  10000 
 7.45046  6.705  10000 
 7.455  6.69625  10000 
 7.4662  6.675  10000 
 7.48183  6.645  10000 
 7.485  6.63869  10000 
 7.49708  6.615  10000 
 7.51198  6.585  10000 
 7.515  6.57859  10000 
 7.52631  6.555  10000 
 7.54004  6.525  10000 
 7.545  6.51344  10000 
 7.55301  6.495  10000 
 7.56518  6.465  10000 
 7.575  6.43924  10000 
 7.57663  6.435  10000 
 7.58729  6.405  10000 
 7.59733  6.375  10000 
 7.605  6.35048  10000 
 7.60673  6.345  10000 
 7.61543  6.315  10000 
 7.62346  6.285  10000 
 7.63079  6.255  10000 
 7.635  6.23573  10000 
 7.63734  6.225  10000 
 7.64306  6.195  10000 
 7.64797  6.165  10000 
 7.65207  6.135  10000 
 7.65536  6.105  10000 
 7.65782  6.075  10000 
 7.65943  6.045  10000 
 7.66027  6.015  10000 
 7.66036  5.985  10000 
 7.65958  5.955  10000 
 7.6579  5.925  10000 
 7.6553  5.895  10000 

# Contour 51, label: 
 7.49756  10.785  10000 
 7.485  10.7639  10000 
 7.47929  10.755  10000 
 7.45773  10.725  10000 
 7.455  10.7216  10000 
 7.4311  10.695  10000 
 7.425  10.6887  10000 
 7.40064  10.665  10000 
 7.395  10.6595  10000 
 7.3706  10.635  10000 
 7.365  10.6289  10000 
 7.34518  10.605  10000 
 7.335  10.5903  10000 
 7.32571  10.575  10000 
 7.31055  10.545  10000 
 7.305  10.5322  10000 
 7.29775  10.515  10000 
 7.28586  10.485  10000 
 7.275  10.4559  10000 
 7.27466  10.455  10000 
 7.26409  10.425  10000 
 7.25418  10.395  10000 
 7.24507  10.365  10000 
 7.245  10.3648  10000 
 7.23663  10.335  10000 
 7.22894  10.305  10000 
 7.22195  10.275  10000 
 7.21545  10.245  10000 
 7.215  10.2428  10000 
 7.20935  10.215  10000 
 7.20344  10.185  10000 
 7.19772  10.155  10000 
 7.19218  10.125  10000 
 7.18682  10.095  10000 
 7.185  10.0845  10000 
 7.18166  10.065  10000 
 7.17663  10.035  10000 
 7.17174  10.005  10000 
 7.16698  9.975  10000 
 7.1624  9.945  10000 
 7.15822  9.915  10000 
 7.155  9.88914  10000 
 7.15449  9.885  10000 
 7.1514  9.855  10000 
 7.14916  9.825  10000 
 7.14791  9.795  10000 
 7.14748  9.765  10000 
 7.14749  9.735  10000 
 7.14782  9.705  10000 
 7.14838  9.675  10000 
 7.14913  9.645  10000 
 7.15004  9.615  10000 
 7.15112  9.585  10000 
 7.15245  9.555  10000 
 7.15408  9.525  10000 
 7.155  9.51106  10000 
 7.15604  9.495  10000 
 7.1583  9.465  10000 
 7.16073  9.435  10000 
 7.16328  9.405  10000 
 7.16573  9.375  10000 
 7.16802  9.345  10000 
 7.17016  9.315  10000 
 7.17222  9.285  10000 
 7.17424  9.255  10000 
 7.1764  9.225  10000 
 7.17891  9.195  10000 
 7.18184  9.165  10000 
 7.185  9.13561  10000 
 7.18506  9.135  10000 
 7.18851  9.105  10000 
 7.19202  9.075  10000 
 7.19552  9.045  10000 
 7.19892  9.015  10000 
 7.2023  8.985  10000 
 7.20571  8.955  10000 
 7.20937  8.925  10000 
 7.21353  8.895  10000 
 7.215  8.88519  10000 
 7.2179  8.865  10000 
 7.22172  8.835  10000 
 7.22474  8.805  10000 
 7.22709  8.775  10000 
 7.22902  8.745  10000 
 7.23078  8.715  10000 
 7.23266  8.685  10000 
 7.23496  8.655  10000 
 7.23726  8.625  10000 
 7.2391  8.595  10000 
 7.24041  8.565  10000 
 7.24121  8.535  10000 
 7.24172  8.505  10000 
 7.2424  8.475  10000 
 7.24311  8.445  10000 
 7.24348  8.415  10000 
 7.24316  8.385  10000 
 7.24202  8.355  10000 
 7.24034  8.325  10000 
 7.23844  8.295  10000 

# Contour 52, label: 
 9.24365  11.985  10000 
 9.225  11.9787  10000 
 9.195  11.9686  10000 
 9.165  11.9585  10000 
 9.15463  11.955  10000 
 9.135  11.9452  10000 
 9.105  11.9302  10000 
 9.09486  11.925  10000 
 9.075  11.9149  10000 
 9.045  11.8994  10000 
 9.03656  11.895  10000 
 9.015  11.8837  10000 
 8.985  11.868  10000 
 8.97934  11.865  10000 
 8.955  11.8521  10000 
 8.925  11.8362  10000 
 8.92276  11.835  10000 
 8.895  11.8201  10000 
 8.86719  11.805  10000 
 8.865  11.8038  10000 
 8.835  11.7872  10000 
 8.81325  11.775  10000 
 8.805  11.7703  10000 
 8.775  11.7533  10000 
 8.76048  11.745  10000 
 8.745  11.7362  10000 
 8.715  11.719  10000 
 8.70793  11.715  10000 
 8.685  11.702  10000 
 8.655  11.6851  10000 
 8.65486  11.685  10000 
 8.625  11.6681  10000 
 8.60174  11.655  10000 
 8.595  11.6511  10000 
 8.565  11.6339  10000 
 8.54972  11.625  10000 
 8.535  11.6164  10000 
 8.505  11.5986  10000 
 8.49895  11.595  10000 
 8.475  11.5804  10000 
 8.45026  11.565  10000 
 8.445  11.5617  10000 
 8.415  11.5424  10000 
 8.40374  11.535  10000 
 8.385  11.5226  10000 
 8.35834  11.505  10000 
 8.355  11.5028  10000 
 8.325  11.4831  10000 
 8.31257  11.475  10000 
 8.295  11.4635  10000 
 8.26615  11.445  10000 
 8.265  11.4443  10000 
 8.235  11.425  10000 
 8.2193  11.415  10000 
 8.205  11.4058  10000 
 8.175  11.3866  10000 
 8.17245  11.385  10000 
 8.145  11.3673  10000 
 8.12618  11.355  10000 
 8.115  11.3477  10000 
 8.085  11.328  10000 
 8.08052  11.325  10000 
 8.055  11.3081  10000 
 8.03535  11.295  10000 
 8.025  11.2881  10000 
 7.995  11.268  10000 
 7.99053  11.265  10000 
 7.965  11.2478  10000 
 7.94608  11.235  10000 
 7.935  11.2274  10000 
 7.905  11.2065  10000 
 7.90295  11.205  10000 
 7.875  11.1846  10000 
 7.86197  11.175  10000 
 7.845  11.1622  10000 
 7.82202  11.145  10000 
 7.815  11.1397  10000 
 7.785  11.1174  10000 
 7.78173  11.115  10000 
 7.755  11.0953  10000 
 7.7409  11.085  10000 
 7.725  11.0732  10000 
 7.70091  11.055  10000 
 7.695  11.0504  10000 
 7.665  11.0267  10000 
 7.66296  11.025  10000 
 7.635  11.0005  10000 
 7.62925  10.995  10000 
 7.605  10.9694  10000 
 7.60125  10.965  10000 
 7.57891  10.935  10000 
 7.575  10.929  10000 
 7.56097  10.905  10000 
 7.54529  10.875  10000 
 7.545  10.8744  10000 
 7.52988  10.845  10000 
 7.515  10.8164  10000 
 7.51423  10.815  10000 
 7.49756  10.785  10000 

# Contour 53, label: 
 1.185  11.0321  10000 
 1.2112  11.055  10000 
 1.215  11.0584  10000 
 1.2437  11.085  10000 
 1.245  11.0862  10000 
 1.27446  11.115  10000 
 1.275  11.1156  10000 
 1.30357  11.145  10000 
 1.305  11.1465  10000 
 1.3311  11.175  10000 
 1.335  11.1794  10000 
 1.35714  11.205  10000 
 1.365  11.2145  10000 
 1.38162  11.235  10000 
 1.395  11.2524  10000 
 1.40455  11.265  10000 
 1.425  11.2935  10000 
 1.42603  11.295  10000 
 1.44615  11.325  10000 
 1.455  11.339  10000 
 1.46496  11.355  10000 
 1.48255  11.385  10000 
 1.485  11.3893  10000 
 1.49918  11.415  10000 
 1.51471  11.445  10000 
 1.515  11.4456  10000 
 1.52917  11.475  10000 
 1.54253  11.505  10000 
 1.545  11.5106  10000 
 1.55544  11.535  10000 
 1.56774  11.565  10000 
 1.575  11.5847  10000 
 1.5787  11.595  10000 
 1.58771  11.625  10000 
 1.59472  11.655  10000 
 1.60047  11.685  10000 
 1.605  11.7106  10000 
 1.60576  11.715  10000 
 1.61019  11.745  10000 
 1.61389  11.775  10000 
 1.61647  11.805  10000 
 1.61785  11.835  10000 
 1.61783  11.865  10000 
 1.61676  11.895  10000 
 1.61446  11.925  10000 
 1.61059  11.955  10000 
 1.605  11.9715  10000 
 1.59986  11.985  10000 

# Contour 54, label: 
 0.689798  11.985  10000 
 0.675  11.9762  10000 
 0.645  11.9576  10000 
 0.641007  11.955  10000 
 0.615  11.929  10000 
 0.611164  11.925  10000 
 0.585  11.8965  10000 
 0.583679  11.895  10000 
 0.558373  11.865  10000 
 0.555  11.8608  10000 
 0.534916  11.835  10000 
 0.525  11.8216  10000 
 0.513187  11.805  10000 
 0.495  11.7783  10000 
 0.492837  11.775  10000 
 0.474146  11.745  10000 
 0.465  11.7296  10000 
 0.456669  11.715  10000 
 0.440426  11.685  10000 
 0.435  11.6745  10000 
 0.425247  11.655  10000 
 0.411019  11.625  10000 
 0.405  11.6115  10000 
 0.39787  11.595  10000 
 0.385682  11.565  10000 
 0.375  11.5371  10000 
 0.374209  11.535  10000 
 0.363813  11.505  10000 
 0.35416  11.475  10000 
 0.345285  11.445  10000 
 0.345  11.444  10000 
 0.337365  11.415  10000 
 0.330145  11.385  10000 
 0.323634  11.355  10000 
 0.317606  11.325  10000 
 0.315  11.3105  10000 
 0.312321  11.295  10000 
 0.307884  11.265  10000 
 0.304346  11.235  10000 
 0.301652  11.205  10000 
 0.299743  11.175  10000 
 0.298594  11.145  10000 
 0.298313  11.115  10000 
 0.298395  11.085  10000 
 0.298988  11.055  10000 
 0.300254  11.025  10000 
 0.302305  10.995  10000 
 0.305498  10.965  10000 
 0.309908  10.935  10000 
 0.315  10.9086  10000 
 0.315741  10.905  10000 
 0.323325  10.875  10000 
 0.332281  10.845  10000 
 0.342855  10.815  10000 
 0.345  10.8097  10000 
 0.356616  10.785  10000 
 0.374221  10.755  10000 
 0.375  10.7539  10000 
 0.401992  10.725  10000 
 0.405  10.7224  10000 
 0.435  10.7052  10000 
 0.465  10.6961  10000 
 0.473036  10.695  10000 
 0.495  10.6923  10000 
 0.525  10.6915  10000 
 0.555  10.6933  10000 
 0.566379  10.695  10000 
 0.585  10.6977  10000 
 0.615  10.7042  10000 
 0.645  10.7121  10000 
 0.675  10.7214  10000 
 0.684851  10.725  10000 
 0.705  10.7323  10000 
 0.735  10.7447  10000 
 0.757996  10.755  10000 
 0.765  10.7582  10000 
 0.795  10.7727  10000 
 0.819349  10.785  10000 
 0.825  10.7879  10000 
 0.855  10.8039  10000 
 0.875346  10.815  10000 
 0.885  10.8204  10000 
 0.915  10.8376  10000 
 0.927353  10.845  10000 
 0.945  10.8558  10000 
 0.975  10.8747  10000 
 0.975519  10.875  10000 
 1.005  10.8948  10000 
 1.01986  10.905  10000 
 1.035  10.9157  10000 
 1.06146  10.935  10000 
 1.065  10.9377  10000 
 1.095  10.9602  10000 
 1.10126  10.965  10000 
 1.125  10.9838  10000 
 1.1393  10.995  10000 
 1.155  11.0076  10000 
 1.17649  11.025  10000 
 1.185  11.0321  10000 


# Contour 55, label:    5e+03
 9.465  5.4754  5000 
 9.49379  5.505  5000 
 9.495  5.50631  5000 
 9.52128  5.535  5000 
 9.525  5.53968  5000 
 9.5477  5.565  5000 
 9.555  5.57674  5000 
 9.57134  5.595  5000 
 9.5844  5.625  5000 
 9.585  5.62604  5000 
 9.6068  5.655  5000 
 9.615  5.67821  5000 
 9.62045  5.685  5000 
 9.6365  5.715  5000 
 9.64389  5.745  5000 
 9.645  5.74858  5000 
 9.66057  5.775  5000 
 9.6677  5.805  5000 
 9.67214  5.835  5000 
 9.675  5.85425  5000 
 9.6797  5.865  5000 
 9.68783  5.895  5000 
 9.69184  5.925  5000 
 9.69391  5.955  5000 
 9.69489  5.985  5000 
 9.69495  6.015  5000 
 9.69408  6.045  5000 
 9.69217  6.075  5000 
 9.68851  6.105  5000 
 9.68116  6.135  5000 
 9.675  6.14966  5000 
 9.67272  6.165  5000 
 9.66834  6.195  5000 
 9.66188  6.225  5000 
 9.645  6.2548  5000 
 9.64494  6.255  5000 
 9.63752  6.285  5000 
 9.62383  6.315  5000 
 9.615  6.3261  5000 
 9.60797  6.345  5000 
 9.58798  6.375  5000 
 9.585  6.37839  5000 
 9.57333  6.405  5000 
 9.555  6.42567  5000 
 9.549  6.435  5000 
 9.525  6.46221  5000 
 9.52273  6.465  5000 
 9.49699  6.495  5000 
 9.495  6.49703  5000 
 9.46941  6.525  5000 
 9.465  6.52945  5000 
 9.435  6.55488  5000 
 9.43486  6.555  5000 
 9.405  6.58149  5000 
 9.40008  6.585  5000 
 9.375  6.60703  5000 
 9.36001  6.615  5000 
 9.345  6.62813  5000 
 9.315  6.64116  5000 
 9.30576  6.645  5000 
 9.285  6.65994  5000 
 9.255  6.66883  5000 
 9.225  6.67479  5000 
 9.22402  6.675  5000 
 9.195  6.68776  5000 
 9.165  6.69704  5000 
 9.135  6.70224  5000 
 9.1123  6.705  5000 
 9.105  6.7085  5000 
 9.075  6.71527  5000 
 9.045  6.71083  5000 

# Contour 56, label: 
 9.045  6.71083  5000 
 9.03518  6.705  5000 
 9.015  6.70109  5000 
 8.985  6.67994  5000 
 8.98043  6.675  5000 
 8.95776  6.645  5000 
 8.95575  6.615  5000 
 8.955  6.61408  5000 
 8.925  6.61373  5000 
 8.89681  6.585  5000 
 8.89661  6.555  5000 
 8.895  6.55325  5000 
 8.865  6.5458  5000 
 8.835  6.54267  5000 
 8.81018  6.525  5000 
 8.805  6.52291  5000 
 8.77861  6.495  5000 
 8.775  6.49114  5000 
 8.75352  6.465  5000 
 8.745  6.44834  5000 
 8.73267  6.435  5000 
 8.7197  6.405  5000 
 8.715  6.39721  5000 
 8.69472  6.375  5000 
 8.68758  6.345  5000 
 8.685  6.33966  5000 
 8.66429  6.315  5000 
 8.65933  6.285  5000 
 8.655  6.271  5000 
 8.64008  6.255  5000 
 8.63195  6.225  5000 
 8.62951  6.195  5000 
 8.62563  6.165  5000 
 8.625  6.1615  5000 
 8.60875  6.135  5000 
 8.60364  6.105  5000 
 8.60169  6.075  5000 
 8.60083  6.045  5000 
 8.60047  6.015  5000 
 8.60047  5.985  5000 
 8.60083  5.955  5000 
 8.6017  5.925  5000 
 8.60363  5.895  5000 
 8.60862  5.865  5000 
 8.625  5.83778  5000 
 8.6255  5.835  5000 
 8.62947  5.805  5000 
 8.63189  5.775  5000 
 8.63938  5.745  5000 
 8.655  5.72794  5000 
 8.65911  5.715  5000 
 8.66397  5.685  5000 
 8.685  5.65918  5000 
 8.68704  5.655  5000 
 8.69427  5.625  5000 
 8.715  5.6019  5000 
 8.71928  5.595  5000 
 8.73124  5.565  5000 
 8.745  5.55001  5000 
 8.75299  5.535  5000 
 8.775  5.50793  5000 
 8.7778  5.505  5000 
 8.805  5.47664  5000 
 8.80925  5.475  5000 
 8.835  5.45712  5000 
 8.865  5.45457  5000 
 8.88713  5.445  5000 
 8.895  5.4381  5000 
 8.89677  5.415  5000 
 8.925  5.38623  5000 
 8.93261  5.385  5000 
 8.955  5.36122  5000 
 8.9577  5.355  5000 
 8.98092  5.325  5000 
 8.985  5.32059  5000 
 9.015  5.29903  5000 
 9.03553  5.295  5000 
 9.045  5.28934  5000 
 9.075  5.28557  5000 
 9.105  5.29437  5000 
 9.10622  5.295  5000 
 9.135  5.29864  5000 
 9.165  5.30476  5000 
 9.195  5.31457  5000 
 9.2209  5.325  5000 
 9.225  5.32577  5000 
 9.255  5.33181  5000 
 9.285  5.34131  5000 
 9.30349  5.355  5000 
 9.315  5.35975  5000 
 9.345  5.37419  5000 
 9.35722  5.385  5000 
 9.375  5.39422  5000 
 9.39821  5.415  5000 
 9.405  5.41978  5000 
 9.43288  5.445  5000 
 9.435  5.44679  5000 
 9.46458  5.475  5000 
 9.465  5.4754  5000 

# Contour 57, label: 
 11.0994  3.405  5000 
 11.115  3.38568  5000 
 11.1217  3.375  5000 
 11.1448  3.345  5000 
 11.145  3.34472  5000 
 11.1626  3.315  5000 
 11.175  3.29926  5000 
 11.1835  3.285  5000 
 11.205  3.2564  5000 
 11.2059  3.255  5000 
 11.2233  3.225  5000 
 11.235  3.20958  5000 
 11.2434  3.195  5000 
 11.265  3.16506  5000 
 11.2814  3.135  5000 
 11.295  3.11637  5000 
 11.3014  3.105  5000 
 11.3203  3.075  5000 
 11.325  3.06866  5000 
 11.3375  3.045  5000 
 11.355  3.01981  5000 
 11.3578  3.015  5000 
 11.3738  2.985  5000 
 11.385  2.96895  5000 
 11.3924  2.955  5000 
 11.4102  2.925  5000 
 11.415  2.91811  5000 
 11.4266  2.895  5000 
 11.445  2.86653  5000 
 11.4459  2.865  5000 
 11.4604  2.835  5000 
 11.475  2.81233  5000 
 11.4789  2.805  5000 
 11.4937  2.775  5000 
 11.505  2.7573  5000 
 11.5112  2.745  5000 
 11.5263  2.715  5000 
 11.535  2.70128  5000 
 11.5429  2.685  5000 
 11.5582  2.655  5000 
 11.565  2.64403  5000 
 11.5739  2.625  5000 
 11.5891  2.595  5000 
 11.595  2.58539  5000 
 11.6043  2.565  5000 
 11.6192  2.535  5000 
 11.625  2.52521  5000 
 11.6341  2.505  5000 
 11.6483  2.475  5000 
 11.655  2.46344  5000 
 11.6632  2.445  5000 
 11.6766  2.415  5000 
 11.685  2.40006  5000 
 11.6918  2.385  5000 
 11.7042  2.355  5000 
 11.715  2.33511  5000 
 11.7197  2.325  5000 
 11.7314  2.295  5000 
 11.745  2.26859  5000 
 11.7467  2.265  5000 
 11.7582  2.235  5000 
 11.772  2.205  5000 
 11.775  2.19935  5000 
 11.7847  2.175  5000 
 11.7965  2.145  5000 
 11.805  2.12806  5000 
 11.8105  2.115  5000 
 11.8212  2.085  5000 
 11.835  2.05538  5000 
 11.8352  2.055  5000 
 11.8461  2.025  5000 
 11.8574  1.995  5000 
 11.865  1.97888  5000 
 11.8706  1.965  5000 
 11.8806  1.935  5000 
 11.893  1.905  5000 
 11.895  1.90061  5000 
 11.9042  1.875  5000 
 11.914  1.845  5000 
 11.925  1.81921  5000 
 11.9267  1.815  5000 
 11.9365  1.785  5000 
 11.9464  1.755  5000 
 11.955  1.7344  5000 
 11.9585  1.725  5000 
 11.9673  1.695  5000 
 11.9761  1.665  5000 
 11.985  1.6401  5000 

# Contour 58, label: 
 9.645  3.10612  5000 
 9.675  3.11341  5000 
 9.705  3.12175  5000 
 9.735  3.13115  5000 
 9.74626  3.135  5000 
 9.765  3.14153  5000 
 9.795  3.15274  5000 
 9.825  3.16485  5000 
 9.82536  3.165  5000 
 9.855  3.17785  5000 
 9.885  3.19183  5000 
 9.89148  3.195  5000 
 9.915  3.20666  5000 
 9.945  3.22222  5000 
 9.95018  3.225  5000 
 9.975  3.23836  5000 
 10.005  3.25444  5000 
 10.006  3.255  5000 
 10.035  3.27043  5000 
 10.062  3.285  5000 
 10.065  3.28661  5000 
 10.095  3.30285  5000 
 10.1171  3.315  5000 
 10.125  3.31938  5000 
 10.155  3.33648  5000 
 10.1692  3.345  5000 
 10.185  3.35457  5000 
 10.215  3.37414  5000 
 10.2162  3.375  5000 
 10.245  3.39631  5000 
 10.2552  3.405  5000 
 10.275  3.42246  5000 
 10.2872  3.435  5000 
 10.305  3.45445  5000 
 10.3133  3.465  5000 
 10.335  3.49432  5000 
 10.3355  3.495  5000 
 10.355  3.525  5000 
 10.365  3.54099  5000 
 10.3731  3.555  5000 
 10.3893  3.585  5000 
 10.395  3.59638  5000 
 10.4037  3.615  5000 
 10.417  3.645  5000 
 10.425  3.66441  5000 
 10.4292  3.675  5000 
 10.4403  3.705  5000 
 10.4504  3.735  5000 
 10.455  3.74971  5000 
 10.4597  3.765  5000 
 10.4684  3.795  5000 
 10.4763  3.825  5000 
 10.4835  3.855  5000 
 10.485  3.86153  5000 
 10.4908  3.885  5000 
 10.4985  3.915  5000 
 10.5048  3.945  5000 
 10.507  3.975  5000 
 10.5093  4.005  5000 
 10.515  4.0166  5000 
 10.545  4.01852  5000 
 10.575  4.00507  5000 
 10.605  3.98075  5000 
 10.611  3.975  5000 
 10.635  3.95467  5000 
 10.6446  3.945  5000 
 10.665  3.9269  5000 
 10.6761  3.915  5000 
 10.695  3.89757  5000 
 10.7062  3.885  5000 
 10.725  3.86691  5000 
 10.7351  3.855  5000 
 10.755  3.83521  5000 
 10.7633  3.825  5000 
 10.785  3.80272  5000 
 10.7911  3.795  5000 
 10.815  3.76969  5000 
 10.8186  3.765  5000 
 10.845  3.73622  5000 
 10.8459  3.735  5000 
 10.8698  3.705  5000 
 10.875  3.69961  5000 
 10.893  3.675  5000 
 10.905  3.66208  5000 
 10.9172  3.645  5000 
 10.935  3.6251  5000 
 10.9421  3.615  5000 
 10.965  3.5884  5000 
 10.9674  3.585  5000 
 10.9898  3.555  5000 
 10.995  3.54923  5000 
 11.0111  3.525  5000 
 11.025  3.5088  5000 
 11.0341  3.495  5000 
 11.055  3.46954  5000 
 11.058  3.465  5000 
 11.0791  3.435  5000 
 11.085  3.42809  5000 
 11.0994  3.405  5000 

# Contour 59, label: 
 7.605  3.96116  5000 
 7.62165  3.945  5000 
 7.635  3.9311  5000 
 7.65258  3.915  5000 
 7.665  3.90277  5000 
 7.68613  3.885  5000 
 7.695  3.87686  5000 
 7.72247  3.855  5000 
 7.725  3.85279  5000 
 7.755  3.82894  5000 
 7.76025  3.825  5000 
 7.785  3.80476  5000 
 7.79754  3.795  5000 
 7.815  3.78036  5000 
 7.8345  3.765  5000 
 7.845  3.75609  5000 
 7.87193  3.735  5000 
 7.875  3.73242  5000 
 7.905  3.70945  5000 
 7.91142  3.705  5000 
 7.935  3.68744  5000 
 7.95341  3.675  5000 
 7.965  3.66664  5000 
 7.995  3.64699  5000 
 7.99837  3.645  5000 
 8.025  3.62808  5000 
 8.04737  3.615  5000 
 8.055  3.61016  5000 
 8.085  3.59273  5000 
 8.09982  3.585  5000 
 8.115  3.57663  5000 
 8.145  3.56256  5000 
 8.16396  3.555  5000 
 8.175  3.55045  5000 
 8.205  3.53894  5000 
 8.235  3.52727  5000 
 8.24048  3.525  5000 
 8.265  3.51362  5000 
 8.29476  3.495  5000 
 8.295  3.49482  5000 
 8.32326  3.465  5000 
 8.325  3.46261  5000 
 8.34188  3.435  5000 
 8.355  3.41263  5000 
 8.36039  3.405  5000 
 8.385  3.37578  5000 
 8.38587  3.375  5000 
 8.415  3.35254  5000 
 8.42757  3.345  5000 
 8.445  3.33461  5000 
 8.475  3.31945  5000 
 8.48513  3.315  5000 
 8.505  3.30577  5000 
 8.535  3.2934  5000 
 8.55756  3.285  5000 
 8.565  3.28204  5000 
 8.595  3.27113  5000 
 8.625  3.26077  5000 
 8.64235  3.255  5000 
 8.655  3.25053  5000 
 8.685  3.24018  5000 
 8.715  3.22983  5000 
 8.72901  3.225  5000 
 8.745  3.21924  5000 
 8.775  3.20847  5000 
 8.805  3.19779  5000 
 8.81305  3.195  5000 
 8.835  3.18722  5000 
 8.865  3.17705  5000 
 8.895  3.16746  5000 
 8.9033  3.165  5000 
 8.925  3.15857  5000 
 8.955  3.15038  5000 
 8.985  3.14286  5000 
 9.015  3.13601  5000 
 9.02004  3.135  5000 
 9.045  3.13022  5000 
 9.075  3.12552  5000 
 9.105  3.12168  5000 
 9.135  3.1183  5000 
 9.165  3.11506  5000 
 9.195  3.11169  5000 
 9.225  3.10806  5000 
 9.24876  3.105  5000 
 9.255  3.10413  5000 
 9.285  3.09999  5000 
 9.315  3.09606  5000 
 9.345  3.09264  5000 
 9.375  3.08997  5000 
 9.405  3.08814  5000 
 9.435  3.08714  5000 
 9.465  3.08685  5000 
 9.495  3.08725  5000 
 9.525  3.08859  5000 
 9.555  3.09111  5000 
 9.585  3.09492  5000 
 9.615  3.09995  5000 
 9.63962  3.105  5000 
 9.645  3.10612  5000 

# Contour 60, label: 
 8.12937  5.865  5000 
 8.12316  5.835  5000 
 8.11563  5.805  5000 
 8.115  5.80287  5000 
 8.10693  5.775  5000 
 8.09684  5.745  5000 
 8.08524  5.715  5000 
 8.085  5.71445  5000 
 8.07239  5.685  5000 
 8.05794  5.655  5000 
 8.055  5.64952  5000 
 8.04219  5.625  5000 
 8.025  5.59505  5000 
 8.00673  5.565  5000 
 7.995  5.54715  5000 
 7.98727  5.535  5000 
 7.96664  5.505  5000 
 7.965  5.50282  5000 
 7.94478  5.475  5000 
 7.935  5.46271  5000 
 7.92136  5.445  5000 
 7.905  5.42555  5000 
 7.89645  5.415  5000 
 7.875  5.39065  5000 
 7.87023  5.385  5000 
 7.845  5.3573  5000 
 7.84299  5.355  5000 
 7.81505  5.325  5000 
 7.78634  5.295  5000 
 7.785  5.29369  5000 
 7.75746  5.265  5000 
 7.755  5.26258  5000 
 7.72823  5.235  5000 
 7.725  5.23188  5000 
 7.69914  5.205  5000 
 7.695  5.2009  5000 
 7.67007  5.175  5000 
 7.665  5.16997  5000 
 7.64165  5.145  5000 
 7.635  5.13817  5000 
 7.61382  5.115  5000 
 7.605  5.10563  5000 
 7.58692  5.085  5000 
 7.575  5.07178  5000 
 7.56072  5.055  5000 
 7.545  5.03694  5000 
 7.53537  5.025  5000 
 7.515  4.99973  5000 
 7.51141  4.995  5000 
 7.48884  4.965  5000 
 7.485  4.95991  5000 
 7.46727  4.935  5000 
 7.455  4.91729  5000 
 7.44684  4.905  5000 
 7.42758  4.875  5000 
 7.425  4.87085  5000 
 7.40983  4.845  5000 
 7.395  4.81733  5000 
 7.39382  4.815  5000 
 7.37936  4.785  5000 
 7.36637  4.755  5000 
 7.365  4.75154  5000 
 7.35504  4.725  5000 
 7.34571  4.695  5000 
 7.33772  4.665  5000 
 7.335  4.65327  5000 
 7.33052  4.635  5000 
 7.32453  4.605  5000 
 7.32006  4.575  5000 
 7.31735  4.545  5000 
 7.31594  4.515  5000 
 7.31724  4.485  5000 
 7.32058  4.455  5000 
 7.32359  4.425  5000 
 7.32943  4.395  5000 
 7.335  4.3704  5000 
 7.33618  4.365  5000 
 7.3446  4.335  5000 
 7.35505  4.305  5000 
 7.365  4.28078  5000 
 7.36744  4.275  5000 
 7.38132  4.245  5000 
 7.395  4.21915  5000 
 7.39735  4.215  5000 
 7.41529  4.185  5000 
 7.425  4.16994  5000 
 7.43544  4.155  5000 
 7.455  4.12785  5000 
 7.45724  4.125  5000 
 7.48131  4.095  5000 
 7.485  4.09057  5000 
 7.50805  4.065  5000 
 7.515  4.05662  5000 
 7.53478  4.035  5000 
 7.545  4.02317  5000 
 7.56258  4.005  5000 
 7.575  3.99164  5000 
 7.59187  3.975  5000 
 7.605  3.96116  5000 

# Contour 61, label: 
 7.48037  7.905  5000 
 7.45562  7.875  5000 
 7.455  7.87422  5000 
 7.43396  7.845  5000 
 7.425  7.83181  5000 
 7.41441  7.815  5000 
 7.39683  7.785  5000 
 7.395  7.78172  5000 
 7.38097  7.755  5000 
 7.36751  7.725  5000 
 7.365  7.71893  5000 
 7.35516  7.695  5000 
 7.34468  7.665  5000 
 7.33622  7.635  5000 
 7.335  7.62971  5000 
 7.32904  7.605  5000 
 7.32291  7.575  5000 
 7.31993  7.545  5000 
 7.31675  7.515  5000 
 7.31559  7.485  5000 
 7.31702  7.455  5000 
 7.31991  7.425  5000 
 7.32458  7.395  5000 
 7.33055  7.365  5000 
 7.335  7.34649  5000 
 7.33763  7.335  5000 
 7.3457  7.305  5000 
 7.35501  7.275  5000 
 7.365  7.24845  5000 
 7.36637  7.245  5000 
 7.37952  7.215  5000 
 7.39421  7.185  5000 
 7.395  7.18345  5000 
 7.41046  7.155  5000 
 7.425  7.13034  5000 
 7.42827  7.125  5000 
 7.4472  7.095  5000 
 7.455  7.08305  5000 
 7.46759  7.065  5000 
 7.485  7.04069  5000 
 7.48933  7.035  5000 
 7.51213  7.005  5000 
 7.515  7.00125  5000 
 7.5361  6.975  5000 
 7.545  6.96395  5000 
 7.56147  6.945  5000 
 7.575  6.92907  5000 
 7.5878  6.915  5000 
 7.605  6.89562  5000 
 7.61494  6.885  5000 
 7.635  6.8629  5000 
 7.64269  6.855  5000 
 7.665  6.83105  5000 
 7.671  6.825  5000 
 7.695  6.79972  5000 
 7.69975  6.795  5000 
 7.725  6.76865  5000 
 7.7288  6.765  5000 
 7.755  6.73814  5000 
 7.75819  6.735  5000 
 7.785  6.70682  5000 
 7.78685  6.705  5000 
 7.815  6.67507  5000 
 7.84269  6.645  5000 
 7.845  6.64235  5000 
 7.86999  6.615  5000 
 7.875  6.60911  5000 
 7.89642  6.585  5000 
 7.905  6.57449  5000 
 7.92153  6.555  5000 
 7.935  6.5376  5000 
 7.94508  6.525  5000 
 7.965  6.49767  5000 
 7.96702  6.495  5000 
 7.98777  6.465  5000 
 7.995  6.45373  5000 
 8.00736  6.435  5000 
 8.025  6.40592  5000 
 8.02557  6.405  5000 
 8.0426  6.375  5000 
 8.055  6.3508  5000 
 8.05805  6.345  5000 
 8.07225  6.315  5000 
 8.085  6.28502  5000 
 8.09673  6.255  5000 
 8.10708  6.225  5000 
 8.115  6.19852  5000 
 8.11608  6.195  5000 
 8.12384  6.165  5000 
 8.13016  6.135  5000 
 8.13506  6.105  5000 
 8.13869  6.075  5000 
 8.14109  6.045  5000 
 8.14221  6.015  5000 
 8.14202  5.985  5000 
 8.14063  5.955  5000 
 8.13806  5.925  5000 
 8.13433  5.895  5000 
 8.12937  5.865  5000 

# Contour 62, label: 
 9.405  8.91261  5000 
 9.375  8.91071  5000 
 9.345  8.90797  5000 
 9.315  8.90449  5000 
 9.285  8.90053  5000 
 9.255  8.89639  5000 
 9.24496  8.895  5000 
 9.225  8.89246  5000 
 9.195  8.88888  5000 
 9.165  8.88555  5000 
 9.135  8.88233  5000 
 9.105  8.87894  5000 
 9.075  8.87503  5000 
 9.045  8.87023  5000 
 9.01816  8.865  5000 
 9.015  8.86436  5000 
 8.985  8.85744  5000 
 8.955  8.84989  5000 
 8.925  8.84173  5000 
 8.90196  8.835  5000 
 8.895  8.83297  5000 
 8.865  8.8235  5000 
 8.835  8.81343  5000 
 8.81121  8.805  5000 
 8.805  8.80285  5000 
 8.775  8.79208  5000 
 8.745  8.78114  5000 
 8.72822  8.775  5000 
 8.715  8.77036  5000 
 8.685  8.75986  5000 
 8.655  8.74943  5000 
 8.64243  8.745  5000 
 8.625  8.73923  5000 
 8.595  8.72902  5000 
 8.565  8.71837  5000 
 8.55626  8.715  5000 
 8.535  8.70732  5000 
 8.505  8.69528  5000 
 8.48241  8.685  5000 
 8.475  8.68181  5000 
 8.445  8.66669  5000 
 8.42556  8.655  5000 
 8.415  8.64855  5000 
 8.38533  8.625  5000 
 8.385  8.62469  5000 
 8.36078  8.595  5000 
 8.355  8.58654  5000 
 8.34262  8.565  5000 
 8.325  8.53624  5000 
 8.32407  8.535  5000 
 8.295  8.50512  5000 
 8.29484  8.505  5000 
 8.265  8.48682  5000 
 8.23888  8.475  5000 
 8.235  8.47343  5000 
 8.205  8.46188  5000 
 8.175  8.45042  5000 
 8.16191  8.445  5000 
 8.145  8.43822  5000 
 8.115  8.42398  5000 
 8.09893  8.415  5000 
 8.085  8.40765  5000 
 8.055  8.39006  5000 
 8.04703  8.385  5000 
 8.025  8.3721  5000 
 7.99791  8.355  5000 
 7.995  8.35328  5000 
 7.965  8.33384  5000 
 7.95259  8.325  5000 
 7.935  8.31324  5000 
 7.9104  8.295  5000 
 7.905  8.29128  5000 
 7.875  8.26826  5000 
 7.87114  8.265  5000 
 7.845  8.24453  5000 
 7.83369  8.235  5000 
 7.815  8.2204  5000 
 7.79641  8.205  5000 
 7.785  8.19622  5000 
 7.75898  8.175  5000 
 7.755  8.17202  5000 
 7.725  8.14799  5000 
 7.72162  8.145  5000 
 7.695  8.1237  5000 
 7.68553  8.115  5000 
 7.665  8.09778  5000 
 7.6519  8.085  5000 
 7.635  8.06971  5000 
 7.62057  8.055  5000 
 7.605  8.04018  5000 
 7.59046  8.025  5000 
 7.575  8.00971  5000 
 7.56146  7.995  5000 
 7.545  7.97796  5000 
 7.5337  7.965  5000 
 7.515  7.94448  5000 
 7.50717  7.935  5000 
 7.485  7.91053  5000 
 7.48037  7.905  5000 

# Contour 63, label: 
 10.9673  8.415  5000 
 10.965  8.41174  5000 
 10.942  8.385  5000 
 10.935  8.37506  5000 
 10.9171  8.355  5000 
 10.905  8.33811  5000 
 10.8929  8.325  5000 
 10.875  8.30062  5000 
 10.8696  8.295  5000 
 10.8458  8.265  5000 
 10.845  8.2639  5000 
 10.8185  8.235  5000 
 10.815  8.23044  5000 
 10.791  8.205  5000 
 10.785  8.19743  5000 
 10.7632  8.175  5000 
 10.755  8.16495  5000 
 10.7349  8.145  5000 
 10.725  8.13326  5000 
 10.706  8.115  5000 
 10.695  8.1026  5000 
 10.676  8.085  5000 
 10.665  8.07327  5000 
 10.6444  8.055  5000 
 10.635  8.04549  5000 
 10.6109  8.025  5000 
 10.605  8.01939  5000 
 10.575  7.9951  5000 
 10.5748  7.995  5000 
 10.545  7.98166  5000 
 10.515  7.98362  5000 
 10.5093  7.995  5000 
 10.507  8.025  5000 
 10.505  8.055  5000 
 10.4987  8.085  5000 
 10.4909  8.115  5000 
 10.485  8.13897  5000 
 10.4836  8.145  5000 
 10.4764  8.175  5000 
 10.4686  8.205  5000 
 10.4599  8.235  5000 
 10.455  8.25083  5000 
 10.4506  8.265  5000 
 10.4404  8.295  5000 
 10.4293  8.325  5000 
 10.425  8.33598  5000 
 10.4171  8.355  5000 
 10.4039  8.385  5000 
 10.395  8.40388  5000 
 10.3894  8.415  5000 
 10.3731  8.445  5000 
 10.365  8.45915  5000 
 10.355  8.475  5000 
 10.3354  8.505  5000 
 10.335  8.50564  5000 
 10.3132  8.535  5000 
 10.305  8.54543  5000 
 10.2871  8.565  5000 
 10.275  8.57741  5000 
 10.2551  8.595  5000 
 10.245  8.60357  5000 
 10.216  8.625  5000 
 10.215  8.62571  5000 
 10.185  8.64529  5000 
 10.169  8.655  5000 
 10.155  8.66344  5000 
 10.125  8.68063  5000 
 10.1171  8.685  5000 
 10.095  8.69724  5000 
 10.065  8.71356  5000 
 10.0623  8.715  5000 
 10.035  8.7298  5000 
 10.0065  8.745  5000 
 10.005  8.74583  5000 
 9.975  8.76193  5000 
 9.95064  8.775  5000 
 9.945  8.77802  5000 
 9.915  8.79353  5000 
 9.89184  8.805  5000 
 9.885  8.80834  5000 
 9.855  8.82233  5000 
 9.82584  8.835  5000 
 9.825  8.83536  5000 
 9.795  8.84751  5000 
 9.765  8.8588  5000 
 9.74736  8.865  5000 
 9.735  8.86927  5000 
 9.705  8.87875  5000 
 9.675  8.88719  5000 
 9.645  8.89458  5000 
 9.64302  8.895  5000 
 9.615  8.90083  5000 
 9.585  8.90592  5000 
 9.555  8.90975  5000 
 9.525  8.91228  5000 
 9.495  8.91361  5000 
 9.465  8.914  5000 
 9.435  8.91366  5000 
 9.405  8.91261  5000 

# Contour 64, label: 
 11.985  10.3602  5000 
 11.976  10.335  5000 
 11.9673  10.305  5000 
 11.9584  10.275  5000 
 11.955  10.2658  5000 
 11.9463  10.245  5000 
 11.9364  10.215  5000 
 11.9266  10.185  5000 
 11.925  10.181  5000 
 11.9139  10.155  5000 
 11.9041  10.125  5000 
 11.895  10.0996  5000 
 11.8928  10.095  5000 
 11.8805  10.065  5000 
 11.8705  10.035  5000 
 11.865  10.0214  5000 
 11.8573  10.005  5000 
 11.8461  9.975  5000 
 11.8351  9.945  5000 
 11.835  9.94484  5000 
 11.8211  9.915  5000 
 11.8104  9.885  5000 
 11.805  9.87215  5000 
 11.7964  9.855  5000 
 11.7846  9.825  5000 
 11.775  9.80089  5000 
 11.7719  9.795  5000 
 11.7581  9.765  5000 
 11.7466  9.735  5000 
 11.745  9.73161  5000 
 11.7313  9.705  5000 
 11.7196  9.675  5000 
 11.715  9.6651  5000 
 11.7041  9.645  5000 
 11.6917  9.615  5000 
 11.685  9.60014  5000 
 11.6765  9.585  5000 
 11.6632  9.555  5000 
 11.655  9.53677  5000 
 11.6482  9.525  5000 
 11.634  9.495  5000 
 11.625  9.475  5000 
 11.619  9.465  5000 
 11.6042  9.435  5000 
 11.595  9.41482  5000 
 11.589  9.405  5000 
 11.5738  9.375  5000 
 11.565  9.35618  5000 
 11.558  9.345  5000 
 11.5428  9.315  5000 
 11.535  9.29892  5000 
 11.5262  9.285  5000 
 11.5112  9.255  5000 
 11.505  9.24289  5000 
 11.4935  9.225  5000 
 11.4788  9.195  5000 
 11.475  9.18784  5000 
 11.4602  9.165  5000 
 11.4458  9.135  5000 
 11.445  9.13364  5000 
 11.4265  9.105  5000 
 11.415  9.0821  5000 
 11.4101  9.075  5000 
 11.3923  9.045  5000 
 11.385  9.03123  5000 
 11.3737  9.015  5000 
 11.3577  8.985  5000 
 11.355  8.98035  5000 
 11.3374  8.955  5000 
 11.325  8.93154  5000 
 11.3202  8.925  5000 
 11.3013  8.895  5000 
 11.295  8.8838  5000 
 11.2813  8.865  5000 
 11.265  8.83514  5000 
 11.2649  8.835  5000 
 11.2433  8.805  5000 
 11.235  8.7906  5000 
 11.2231  8.775  5000 
 11.2058  8.745  5000 
 11.205  8.74375  5000 
 11.1834  8.715  5000 
 11.175  8.70091  5000 
 11.1625  8.685  5000 
 11.145  8.65551  5000 
 11.1446  8.655  5000 
 11.1216  8.625  5000 
 11.115  8.61449  5000 
 11.0993  8.595  5000 
 11.085  8.57212  5000 
 11.079  8.565  5000 
 11.0579  8.535  5000 
 11.055  8.5306  5000 
 11.034  8.505  5000 
 11.025  8.49137  5000 
 11.011  8.475  5000 
 10.995  8.45098  5000 
 10.9897  8.445  5000 
 10.9673  8.415  5000 

