
# Surface 0 of 1 surfaces

# Curve title: ""./data/VOFGFM-PYVOF-RMI-MUSCL-1600-400-3401-prims.dat" u 1:2:7"

# Contour 0, label:      2.1
 1.77846  0.71375  2.1 
 1.77875  0.713993  2.1 
 1.78125  0.71451  2.1 
 1.78375  0.713804  2.1 
 1.78379  0.71375  2.1 
 1.78474  0.71125  2.1 
 1.78505  0.70875  2.1 
 1.78518  0.70625  2.1 
 1.7853  0.70375  2.1 
 1.78555  0.70125  2.1 
 1.78594  0.69875  2.1 
 1.78625  0.69718  2.1 
 1.78644  0.69625  2.1 
 1.78696  0.69375  2.1 
 1.78748  0.69125  2.1 
 1.78795  0.68875  2.1 
 1.78836  0.68625  2.1 
 1.78874  0.68375  2.1 
 1.78875  0.683676  2.1 
 1.78908  0.68125  2.1 
 1.78944  0.67875  2.1 
 1.78981  0.67625  2.1 
 1.79007  0.67375  2.1 
 1.79028  0.67125  2.1 
 1.79062  0.66875  2.1 
 1.79048  0.66625  2.1 
 1.79018  0.66375  2.1 
 1.79008  0.66125  2.1 
 1.79008  0.65875  2.1 
 1.79014  0.65625  2.1 
 1.79024  0.65375  2.1 
 1.79034  0.65125  2.1 
 1.79041  0.64875  2.1 
 1.79046  0.64625  2.1 
 1.7905  0.64375  2.1 
 1.79052  0.64125  2.1 
 1.79054  0.63875  2.1 
 1.79051  0.63625  2.1 
 1.79044  0.63375  2.1 
 1.79038  0.63125  2.1 
 1.79033  0.62875  2.1 
 1.79029  0.62625  2.1 
 1.79025  0.62375  2.1 
 1.79022  0.62125  2.1 
 1.79019  0.61875  2.1 
 1.79016  0.61625  2.1 
 1.79014  0.61375  2.1 
 1.79011  0.61125  2.1 
 1.79008  0.60875  2.1 
 1.79005  0.60625  2.1 
 1.79001  0.60375  2.1 
 1.78997  0.60125  2.1 
 1.78993  0.59875  2.1 
 1.78988  0.59625  2.1 
 1.78983  0.59375  2.1 
 1.78978  0.59125  2.1 
 1.78973  0.58875  2.1 
 1.78967  0.58625  2.1 
 1.78962  0.58375  2.1 
 1.78956  0.58125  2.1 
 1.78951  0.57875  2.1 
 1.78946  0.57625  2.1 
 1.7894  0.57375  2.1 
 1.78935  0.57125  2.1 
 1.7893  0.56875  2.1 
 1.78925  0.56625  2.1 
 1.78921  0.56375  2.1 
 1.78916  0.56125  2.1 
 1.78912  0.55875  2.1 
 1.78909  0.55625  2.1 
 1.78905  0.55375  2.1 
 1.78901  0.55125  2.1 
 1.78898  0.54875  2.1 
 1.78896  0.54625  2.1 
 1.78894  0.54375  2.1 
 1.78891  0.54125  2.1 
 1.78889  0.53875  2.1 
 1.78887  0.53625  2.1 
 1.78885  0.53375  2.1 
 1.78883  0.53125  2.1 
 1.78881  0.52875  2.1 
 1.7888  0.52625  2.1 
 1.78878  0.52375  2.1 
 1.78878  0.52125  2.1 
 1.78878  0.51875  2.1 
 1.78878  0.51625  2.1 
 1.78878  0.51375  2.1 
 1.78878  0.51125  2.1 
 1.78878  0.50875  2.1 
 1.78879  0.50625  2.1 
 1.7888  0.50375  2.1 
 1.78882  0.50125  2.1 

# Contour 1, label: 
 1.74426  0.50125  2.1 
 1.74426  0.50375  2.1 
 1.74427  0.50625  2.1 
 1.74429  0.50875  2.1 
 1.7443  0.51125  2.1 
 1.74433  0.51375  2.1 
 1.74435  0.51625  2.1 
 1.74438  0.51875  2.1 
 1.74441  0.52125  2.1 
 1.74445  0.52375  2.1 
 1.74449  0.52625  2.1 
 1.74453  0.52875  2.1 
 1.74458  0.53125  2.1 
 1.74463  0.53375  2.1 
 1.74468  0.53625  2.1 
 1.74474  0.53875  2.1 
 1.7448  0.54125  2.1 
 1.74486  0.54375  2.1 
 1.74493  0.54625  2.1 
 1.74499  0.54875  2.1 
 1.74506  0.55125  2.1 
 1.74513  0.55375  2.1 
 1.7452  0.55625  2.1 
 1.74527  0.55875  2.1 
 1.74534  0.56125  2.1 
 1.74541  0.56375  2.1 
 1.74549  0.56625  2.1 
 1.74556  0.56875  2.1 
 1.74563  0.57125  2.1 
 1.7457  0.57375  2.1 
 1.74577  0.57625  2.1 
 1.74584  0.57875  2.1 
 1.74591  0.58125  2.1 
 1.74598  0.58375  2.1 
 1.74605  0.58625  2.1 
 1.74611  0.58875  2.1 
 1.74618  0.59125  2.1 
 1.74624  0.59375  2.1 
 1.74625  0.593987  2.1 
 1.74644  0.59625  2.1 
 1.74663  0.59875  2.1 
 1.74681  0.60125  2.1 
 1.74699  0.60375  2.1 
 1.74716  0.60625  2.1 
 1.74733  0.60875  2.1 
 1.74749  0.61125  2.1 
 1.74764  0.61375  2.1 
 1.74778  0.61625  2.1 
 1.74792  0.61875  2.1 
 1.74806  0.62125  2.1 
 1.74818  0.62375  2.1 
 1.7483  0.62625  2.1 
 1.74842  0.62875  2.1 
 1.74852  0.63125  2.1 
 1.74863  0.63375  2.1 
 1.74873  0.63625  2.1 
 1.74875  0.636839  2.1 
 1.74897  0.63875  2.1 
 1.74926  0.64125  2.1 
 1.74952  0.64375  2.1 
 1.74976  0.64625  2.1 
 1.74999  0.64875  2.1 
 1.7502  0.65125  2.1 
 1.7504  0.65375  2.1 
 1.75058  0.65625  2.1 
 1.75075  0.65875  2.1 
 1.75092  0.66125  2.1 
 1.75108  0.66375  2.1 
 1.75123  0.66625  2.1 
 1.75125  0.666519  2.1 
 1.75168  0.66875  2.1 
 1.75215  0.67125  2.1 
 1.75261  0.67375  2.1 
 1.75308  0.67625  2.1 
 1.75355  0.67875  2.1 
 1.75375  0.679682  2.1 
 1.75447  0.68125  2.1 
 1.75564  0.68375  2.1 
 1.75625  0.685156  2.1 
 1.75707  0.68625  2.1 
 1.7586  0.68875  2.1 
 1.75875  0.689007  2.1 
 1.76067  0.69125  2.1 
 1.76125  0.692201  2.1 
 1.76261  0.69375  2.1 
 1.76375  0.695724  2.1 
 1.76419  0.69625  2.1 
 1.76588  0.69875  2.1 
 1.76625  0.699459  2.1 
 1.76765  0.70125  2.1 
 1.76875  0.703191  2.1 
 1.76924  0.70375  2.1 
 1.77099  0.70625  2.1 
 1.77125  0.706701  2.1 
 1.7731  0.70875  2.1 
 1.77375  0.709692  2.1 
 1.7754  0.71125  2.1 
 1.77625  0.712284  2.1 
 1.77846  0.71375  2.1 


# Contour 2, label:        2
 1.88727  0.68875  2 
 1.88667  0.68625  2 
 1.88625  0.684388  2 
 1.88611  0.68375  2 
 1.88557  0.68125  2 
 1.88507  0.67875  2 
 1.88457  0.67625  2 
 1.8841  0.67375  2 
 1.88375  0.671875  2 
 1.88364  0.67125  2 
 1.88319  0.66875  2 
 1.88274  0.66625  2 
 1.88231  0.66375  2 
 1.8819  0.66125  2 
 1.88153  0.65875  2 
 1.88125  0.656667  2 
 1.8812  0.65625  2 
 1.88091  0.65375  2 
 1.88065  0.65125  2 
 1.88042  0.64875  2 
 1.88021  0.64625  2 
 1.88001  0.64375  2 
 1.87984  0.64125  2 
 1.87968  0.63875  2 
 1.87953  0.63625  2 
 1.87939  0.63375  2 
 1.87929  0.63125  2 
 1.87922  0.62875  2 
 1.87911  0.62625  2 
 1.87905  0.62375  2 
 1.87884  0.62125  2 
 1.87875  0.620658  2 
 1.87846  0.61875  2 
 1.87816  0.61625  2 
 1.87786  0.61375  2 
 1.87761  0.61125  2 
 1.87743  0.60875  2 
 1.87735  0.60625  2 
 1.87731  0.60375  2 
 1.87725  0.60125  2 
 1.87716  0.59875  2 
 1.87705  0.59625  2 
 1.87692  0.59375  2 
 1.87678  0.59125  2 
 1.87667  0.58875  2 
 1.87651  0.58625  2 
 1.87635  0.58375  2 
 1.87625  0.582279  2 
 1.87618  0.58125  2 
 1.87604  0.57875  2 
 1.87593  0.57625  2 
 1.87583  0.57375  2 
 1.87575  0.57125  2 
 1.87568  0.56875  2 
 1.87562  0.56625  2 
 1.87557  0.56375  2 
 1.87552  0.56125  2 
 1.87547  0.55875  2 
 1.87543  0.55625  2 
 1.87538  0.55375  2 
 1.87534  0.55125  2 
 1.87529  0.54875  2 
 1.87524  0.54625  2 
 1.8752  0.54375  2 
 1.87515  0.54125  2 
 1.8751  0.53875  2 
 1.87506  0.53625  2 
 1.875  0.53375  2 
 1.87495  0.53125  2 
 1.87489  0.52875  2 
 1.87483  0.52625  2 
 1.87476  0.52375  2 
 1.87469  0.52125  2 
 1.87461  0.51875  2 
 1.87453  0.51625  2 
 1.87444  0.51375  2 
 1.87437  0.51125  2 
 1.8743  0.50875  2 
 1.87423  0.50625  2 
 1.87418  0.50375  2 
 1.87415  0.50125  2 

# Contour 3, label: 
 2.01125  0.785389  2 
 2.00875  0.784563  2 
 2.00625  0.783813  2 
 2.00598  0.78375  2 
 2.00375  0.783246  2 
 2.00125  0.782923  2 
 1.99875  0.782859  2 
 1.99625  0.782968  2 
 1.99375  0.78328  2 
 1.99159  0.78375  2 
 1.99125  0.783825  2 
 1.98875  0.784681  2 
 1.98625  0.785842  2 
 1.98557  0.78625  2 
 1.98375  0.787324  2 
 1.98176  0.78875  2 
 1.98125  0.789117  2 
 1.97875  0.790972  2 
 1.97828  0.79125  2 
 1.97625  0.79252  2 
 1.97375  0.793729  2 
 1.97369  0.79375  2 
 1.97125  0.794555  2 
 1.96875  0.795066  2 
 1.96625  0.795321  2 
 1.96375  0.795394  2 
 1.96125  0.795327  2 
 1.95875  0.795023  2 
 1.95625  0.794392  2 
 1.95462  0.79375  2 
 1.95375  0.793403  2 
 1.95125  0.792227  2 
 1.94936  0.79125  2 
 1.94875  0.790929  2 
 1.94625  0.789432  2 
 1.94525  0.78875  2 
 1.94375  0.787699  2 
 1.94195  0.78625  2 
 1.94125  0.785684  2 
 1.93911  0.78375  2 
 1.93875  0.78342  2 
 1.93628  0.78125  2 
 1.93625  0.781228  2 
 1.93375  0.779563  2 
 1.93228  0.77875  2 
 1.93125  0.778207  2 
 1.92875  0.77697  2 
 1.92729  0.77625  2 
 1.92625  0.775742  2 
 1.92375  0.774483  2 
 1.92241  0.77375  2 
 1.92125  0.773091  2 
 1.91875  0.771452  2 
 1.91849  0.77125  2 
 1.91625  0.76938  2 
 1.91562  0.76875  2 
 1.91375  0.766683  2 
 1.91341  0.76625  2 
 1.91166  0.76375  2 
 1.91125  0.763111  2 
 1.91018  0.76125  2 
 1.90887  0.75875  2 
 1.90875  0.758497  2 
 1.90774  0.75625  2 
 1.9067  0.75375  2 
 1.90625  0.752591  2 
 1.90577  0.75125  2 
 1.90495  0.74875  2 
 1.9042  0.74625  2 
 1.90375  0.744568  2 
 1.90354  0.74375  2 
 1.90294  0.74125  2 
 1.90235  0.73875  2 
 1.90174  0.73625  2 
 1.90125  0.734352  2 
 1.90109  0.73375  2 
 1.90038  0.73125  2 
 1.89964  0.72875  2 
 1.89887  0.72625  2 
 1.89875  0.725881  2 
 1.89805  0.72375  2 
 1.89722  0.72125  2 
 1.89637  0.71875  2 
 1.89625  0.718393  2 
 1.89552  0.71625  2 
 1.89467  0.71375  2 
 1.89383  0.71125  2 
 1.89375  0.711004  2 
 1.89301  0.70875  2 
 1.8922  0.70625  2 
 1.89141  0.70375  2 
 1.89125  0.703224  2 
 1.89065  0.70125  2 
 1.88992  0.69875  2 
 1.88921  0.69625  2 
 1.88875  0.694567  2 
 1.88853  0.69375  2 
 1.88789  0.69125  2 
 1.88727  0.68875  2 

# Contour 4, label: 
 2.08875  0.896067  2 
 2.09125  0.89604  2 
 2.09375  0.895966  2 
 2.09625  0.895837  2 
 2.09875  0.895651  2 
 2.10125  0.895399  2 
 2.10375  0.89508  2 
 2.10625  0.894676  2 
 2.10875  0.894125  2 
 2.10991  0.89375  2 
 2.11125  0.892984  2 
 2.11335  0.89125  2 
 2.11375  0.890536  2 
 2.11442  0.88875  2 
 2.11436  0.88625  2 
 2.11383  0.88375  2 
 2.11375  0.883549  2 
 2.11273  0.88125  2 
 2.11138  0.87875  2 
 2.11125  0.878547  2 
 2.10972  0.87625  2 
 2.10875  0.87487  2 
 2.10793  0.87375  2 
 2.10625  0.871545  2 
 2.10602  0.87125  2 
 2.10401  0.86875  2 
 2.10375  0.86838  2 
 2.1021  0.86625  2 
 2.10125  0.864981  2 
 2.10031  0.86375  2 
 2.09875  0.861475  2 
 2.09857  0.86125  2 
 2.09674  0.85875  2 
 2.09625  0.857994  2 
 2.09502  0.85625  2 
 2.09375  0.854123  2 
 2.09352  0.85375  2 
 2.09213  0.85125  2 
 2.09125  0.849433  2 
 2.09088  0.84875  2 
 2.08959  0.84625  2 
 2.08875  0.844566  2 
 2.08827  0.84375  2 
 2.08679  0.84125  2 
 2.08625  0.840319  2 
 2.08521  0.83875  2 
 2.08375  0.836363  2 
 2.08368  0.83625  2 
 2.08217  0.83375  2 
 2.08125  0.831977  2 
 2.08085  0.83125  2 
 2.07958  0.82875  2 
 2.07875  0.826895  2 
 2.07845  0.82625  2 
 2.0774  0.82375  2 
 2.07651  0.82125  2 
 2.07625  0.820391  2 
 2.07575  0.81875  2 
 2.07511  0.81625  2 
 2.07458  0.81375  2 
 2.0741  0.81125  2 
 2.07375  0.809331  2 
 2.07363  0.80875  2 
 2.07308  0.80625  2 
 2.07244  0.80375  2 
 2.07167  0.80125  2 
 2.07125  0.800135  2 
 2.0705  0.79875  2 
 2.06875  0.796466  2 
 2.06845  0.79625  2 
 2.06625  0.795009  2 
 2.06375  0.794349  2 
 2.06125  0.794119  2 
 2.05875  0.794223  2 
 2.05625  0.794693  2 
 2.05375  0.795496  2 
 2.05199  0.79625  2 
 2.05125  0.796564  2 
 2.04875  0.797555  2 
 2.04625  0.798229  2 
 2.04375  0.798607  2 
 2.04125  0.7987  2 
 2.03875  0.798531  2 
 2.03625  0.797871  2 
 2.03375  0.796771  2 
 2.03292  0.79625  2 
 2.03125  0.795036  2 
 2.02957  0.79375  2 
 2.02875  0.793143  2 
 2.02625  0.791652  2 
 2.02547  0.79125  2 
 2.02375  0.790395  2 
 2.02125  0.789237  2 
 2.0201  0.78875  2 
 2.01875  0.788183  2 
 2.01625  0.787182  2 
 2.01375  0.786271  2 
 2.01369  0.78625  2 
 2.01125  0.785389  2 

# Contour 5, label: 
 1.89625  0.840787  2 
 1.89711  0.84125  2 
 1.89875  0.842063  2 
 1.90125  0.843313  2 
 1.90212  0.84375  2 
 1.90375  0.844496  2 
 1.90625  0.845635  2 
 1.90759  0.84625  2 
 1.90875  0.846737  2 
 1.91125  0.847757  2 
 1.9136  0.84875  2 
 1.91375  0.848808  2 
 1.91625  0.849718  2 
 1.91875  0.85066  2 
 1.92027  0.85125  2 
 1.92125  0.85159  2 
 1.92375  0.852459  2 
 1.92625  0.853407  2 
 1.92712  0.85375  2 
 1.92875  0.854313  2 
 1.93125  0.855229  2 
 1.93375  0.856247  2 
 1.93625  0.857143  2 
 1.93875  0.858127  2 
 1.94023  0.85875  2 
 1.94125  0.859126  2 
 1.94375  0.860077  2 
 1.94625  0.861138  2 
 1.94651  0.86125  2 
 1.94875  0.862092  2 
 1.95125  0.863133  2 
 1.9526  0.86375  2 
 1.95375  0.864202  2 
 1.95625  0.865268  2 
 1.95825  0.86625  2 
 1.95875  0.866466  2 
 1.96125  0.867631  2 
 1.96328  0.86875  2 
 1.96375  0.868975  2 
 1.96625  0.870317  2 
 1.96784  0.87125  2 
 1.96875  0.871728  2 
 1.97125  0.872982  2 
 1.97282  0.87375  2 
 1.97375  0.874179  2 
 1.97625  0.87521  2 
 1.97875  0.876226  2 
 1.97881  0.87625  2 
 1.98125  0.877174  2 
 1.98375  0.878042  2 
 1.98573  0.87875  2 
 1.98625  0.878947  2 
 1.98875  0.879818  2 
 1.99125  0.88065  2 
 1.99295  0.88125  2 
 1.99375  0.881557  2 
 1.99625  0.882481  2 
 1.99875  0.883405  2 
 1.9996  0.88375  2 
 2.00125  0.88451  2 
 2.00375  0.885598  2 
 2.00544  0.88625  2 
 2.00625  0.886633  2 
 2.00875  0.887619  2 
 2.01125  0.888377  2 
 2.01276  0.88875  2 
 2.01375  0.889057  2 
 2.01625  0.889685  2 
 2.01875  0.890138  2 
 2.02125  0.890467  2 
 2.02375  0.890723  2 
 2.02625  0.890959  2 
 2.02875  0.891212  2 
 2.02908  0.89125  2 
 2.03125  0.891521  2 
 2.03375  0.891842  2 
 2.03625  0.892175  2 
 2.03875  0.892534  2 
 2.04125  0.892933  2 
 2.04375  0.893377  2 
 2.04578  0.89375  2 
 2.04625  0.893832  2 
 2.04875  0.894203  2 
 2.05125  0.894515  2 
 2.05375  0.894776  2 
 2.05625  0.894988  2 
 2.05875  0.895151  2 
 2.06125  0.895269  2 
 2.06375  0.895353  2 
 2.06625  0.895419  2 
 2.06875  0.895478  2 
 2.07125  0.895544  2 
 2.07375  0.895623  2 
 2.07625  0.895716  2 
 2.07875  0.895816  2 
 2.08125  0.895919  2 
 2.08375  0.896003  2 
 2.08625  0.896055  2 
 2.08875  0.896067  2 

# Contour 6, label: 
 1.76875  0.718998  2 
 1.7702  0.72125  2 
 1.77125  0.723352  2 
 1.77151  0.72375  2 
 1.77306  0.72625  2 
 1.77375  0.727614  2 
 1.7745  0.72875  2 
 1.77592  0.73125  2 
 1.77625  0.731889  2 
 1.77749  0.73375  2 
 1.77875  0.736157  2 
 1.77881  0.73625  2 
 1.78047  0.73875  2 
 1.78125  0.740209  2 
 1.78197  0.74125  2 
 1.78345  0.74375  2 
 1.78375  0.744306  2 
 1.7851  0.74625  2 
 1.78625  0.748339  2 
 1.78654  0.74875  2 
 1.78819  0.75125  2 
 1.78875  0.752242  2 
 1.78983  0.75375  2 
 1.79125  0.756223  2 
 1.79127  0.75625  2 
 1.79306  0.75875  2 
 1.79375  0.75994  2 
 1.79472  0.76125  2 
 1.79623  0.76375  2 
 1.79625  0.763783  2 
 1.79808  0.76625  2 
 1.79875  0.767356  2 
 1.79982  0.76875  2 
 1.80125  0.771011  2 
 1.80144  0.77125  2 
 1.8033  0.77375  2 
 1.80375  0.77446  2 
 1.80517  0.77625  2 
 1.80625  0.777861  2 
 1.80699  0.77875  2 
 1.80875  0.781247  2 
 1.81081  0.78375  2 
 1.81125  0.784371  2 
 1.81287  0.78625  2 
 1.81375  0.787421  2 
 1.81496  0.78875  2 
 1.81625  0.790359  2 
 1.81711  0.79125  2 
 1.81875  0.793148  2 
 1.81937  0.79375  2 
 1.82125  0.795761  2 
 1.82179  0.79625  2 
 1.82375  0.798184  2 
 1.82441  0.79875  2 
 1.82625  0.800415  2 
 1.82729  0.80125  2 
 1.82875  0.80247  2 
 1.83045  0.80375  2 
 1.83125  0.804374  2 
 1.83375  0.806145  2 
 1.83391  0.80625  2 
 1.83625  0.807755  2 
 1.83783  0.80875  2 
 1.83875  0.809322  2 
 1.84125  0.810817  2 
 1.84198  0.81125  2 
 1.84375  0.812248  2 
 1.84625  0.813706  2 
 1.84633  0.81375  2 
 1.84875  0.815073  2 
 1.85077  0.81625  2 
 1.85125  0.816514  2 
 1.85375  0.817899  2 
 1.85519  0.81875  2 
 1.85625  0.819329  2 
 1.85875  0.820746  2 
 1.85961  0.82125  2 
 1.86125  0.822141  2 
 1.86375  0.823558  2 
 1.86409  0.82375  2 
 1.86625  0.824885  2 
 1.86871  0.82625  2 
 1.86875  0.826269  2 
 1.87125  0.827528  2 
 1.87353  0.82875  2 
 1.87375  0.828863  2 
 1.87625  0.830095  2 
 1.87841  0.83125  2 
 1.87875  0.831419  2 
 1.88125  0.832669  2 
 1.88322  0.83375  2 
 1.88375  0.834025  2 
 1.88625  0.835339  2 
 1.88785  0.83625  2 
 1.88875  0.836731  2 
 1.89125  0.838093  2 
 1.89241  0.83875  2 
 1.89375  0.839455  2 
 1.89625  0.840787  2 

# Contour 7, label: 
 1.74233  0.50125  2 
 1.74233  0.50375  2 
 1.74234  0.50625  2 
 1.74235  0.50875  2 
 1.74236  0.51125  2 
 1.74238  0.51375  2 
 1.7424  0.51625  2 
 1.74242  0.51875  2 
 1.74245  0.52125  2 
 1.74248  0.52375  2 
 1.74251  0.52625  2 
 1.74254  0.52875  2 
 1.74258  0.53125  2 
 1.74262  0.53375  2 
 1.74266  0.53625  2 
 1.7427  0.53875  2 
 1.74275  0.54125  2 
 1.7428  0.54375  2 
 1.74285  0.54625  2 
 1.7429  0.54875  2 
 1.74295  0.55125  2 
 1.74301  0.55375  2 
 1.74306  0.55625  2 
 1.74312  0.55875  2 
 1.74318  0.56125  2 
 1.74324  0.56375  2 
 1.7433  0.56625  2 
 1.74336  0.56875  2 
 1.74342  0.57125  2 
 1.74348  0.57375  2 
 1.74355  0.57625  2 
 1.74361  0.57875  2 
 1.74367  0.58125  2 
 1.74374  0.58375  2 
 1.74375  0.584294  2 
 1.74388  0.58625  2 
 1.74404  0.58875  2 
 1.7442  0.59125  2 
 1.74435  0.59375  2 
 1.7445  0.59625  2 
 1.74465  0.59875  2 
 1.74479  0.60125  2 
 1.74493  0.60375  2 
 1.74506  0.60625  2 
 1.74519  0.60875  2 
 1.74532  0.61125  2 
 1.74544  0.61375  2 
 1.74556  0.61625  2 
 1.74567  0.61875  2 
 1.74579  0.62125  2 
 1.74589  0.62375  2 
 1.746  0.62625  2 
 1.7461  0.62875  2 
 1.7462  0.63125  2 
 1.74625  0.632423  2 
 1.74638  0.63375  2 
 1.74662  0.63625  2 
 1.74686  0.63875  2 
 1.74707  0.64125  2 
 1.74727  0.64375  2 
 1.74747  0.64625  2 
 1.74765  0.64875  2 
 1.74782  0.65125  2 
 1.74798  0.65375  2 
 1.74813  0.65625  2 
 1.74828  0.65875  2 
 1.74842  0.66125  2 
 1.74855  0.66375  2 
 1.74868  0.66625  2 
 1.74875  0.667493  2 
 1.74892  0.66875  2 
 1.74925  0.67125  2 
 1.74957  0.67375  2 
 1.74988  0.67625  2 
 1.75021  0.67875  2 
 1.75055  0.68125  2 
 1.75094  0.68375  2 
 1.75125  0.685463  2 
 1.75155  0.68625  2 
 1.75261  0.68875  2 
 1.7536  0.69125  2 
 1.75375  0.691596  2 
 1.75503  0.69375  2 
 1.75622  0.69625  2 
 1.75625  0.696309  2 
 1.75771  0.69875  2 
 1.75875  0.700983  2 
 1.75891  0.70125  2 
 1.76039  0.70375  2 
 1.76125  0.705557  2 
 1.76168  0.70625  2 
 1.76311  0.70875  2 
 1.76375  0.710064  2 
 1.7645  0.71125  2 
 1.76586  0.71375  2 
 1.76625  0.714539  2 
 1.76735  0.71625  2 
 1.76863  0.71875  2 
 1.76875  0.718998  2 

# Contour 8, label: 
 1.97874  0.99875  2 
 1.97875  0.998695  2 
 1.97935  0.99625  2 
 1.9804  0.99375  2 
 1.98125  0.992195  2 
 1.98195  0.99125  2 
 1.98375  0.98908  2 
 1.98412  0.98875  2 
 1.98625  0.986909  2 
 1.98723  0.98625  2 
 1.98875  0.985231  2 
 1.99125  0.983859  2 
 1.99152  0.98375  2 
 1.99375  0.982816  2 
 1.99625  0.981951  2 
 1.99875  0.98125  2 
 2.00125  0.980808  2 
 2.00375  0.980551  2 
 2.00625  0.980495  2 
 2.00875  0.980707  2 
 2.01105  0.98125  2 
 2.01125  0.981316  2 
 2.01375  0.982675  2 
 2.01506  0.98375  2 
 2.01625  0.985104  2 
 2.01701  0.98625  2 
 2.01821  0.98875  2 
 2.01875  0.990313  2 
 2.01901  0.99125  2 
 2.01946  0.99375  2 
 2.01975  0.99625  2 
 2.01991  0.99875  2 


# Contour 9, label:      1.9
 2.61625  0.588961  1.9 
 2.61587  0.58875  1.9 
 2.61375  0.587361  1.9 
 2.61218  0.58625  1.9 
 2.61125  0.585492  1.9 
 2.60932  0.58375  1.9 
 2.60875  0.583187  1.9 
 2.60699  0.58125  1.9 
 2.60625  0.580347  1.9 
 2.60509  0.57875  1.9 
 2.60375  0.576568  1.9 
 2.60357  0.57625  1.9 
 2.60258  0.57375  1.9 
 2.60183  0.57125  1.9 
 2.60125  0.568785  1.9 
 2.60124  0.56875  1.9 
 2.60081  0.56625  1.9 
 2.60013  0.56375  1.9 
 2.59881  0.56125  1.9 
 2.59875  0.56117  1.9 
 2.59732  0.55875  1.9 
 2.59625  0.55684  1.9 
 2.59599  0.55625  1.9 
 2.59527  0.55375  1.9 
 2.59502  0.55125  1.9 
 2.5954  0.54875  1.9 
 2.59625  0.547043  1.9 
 2.59685  0.54625  1.9 
 2.59875  0.544848  1.9 
 2.60125  0.5439  1.9 
 2.60234  0.54375  1.9 
 2.60375  0.543616  1.9 
 2.60625  0.54373  1.9 
 2.60637  0.54375  1.9 
 2.60875  0.544277  1.9 
 2.61125  0.545351  1.9 
 2.61264  0.54625  1.9 
 2.61375  0.547262  1.9 
 2.61502  0.54875  1.9 
 2.61625  0.550488  1.9 
 2.61673  0.55125  1.9 
 2.61857  0.55375  1.9 
 2.61875  0.553929  1.9 
 2.62125  0.556095  1.9 
 2.62145  0.55625  1.9 
 2.62375  0.557649  1.9 
 2.62563  0.55875  1.9 
 2.62625  0.559103  1.9 
 2.62875  0.560673  1.9 
 2.62958  0.56125  1.9 
 2.63125  0.562428  1.9 
 2.63293  0.56375  1.9 
 2.63375  0.564393  1.9 
 2.63604  0.56625  1.9 
 2.63625  0.566444  1.9 
 2.63862  0.56875  1.9 
 2.63875  0.568909  1.9 
 2.64051  0.57125  1.9 
 2.64125  0.572848  1.9 
 2.64165  0.57375  1.9 
 2.64206  0.57625  1.9 
 2.64128  0.57875  1.9 
 2.64125  0.578779  1.9 
 2.63875  0.581123  1.9 
 2.6386  0.58125  1.9 
 2.63625  0.582981  1.9 
 2.63527  0.58375  1.9 
 2.63375  0.584929  1.9 
 2.63231  0.58625  1.9 
 2.63125  0.587265  1.9 
 2.62937  0.58875  1.9 
 2.62875  0.58913  1.9 
 2.62625  0.59022  1.9 
 2.62375  0.590638  1.9 
 2.62125  0.590534  1.9 
 2.61875  0.58997  1.9 
 2.61625  0.588961  1.9 

# Contour 10, label: 
 2.08484  0.59875  1.9 
 2.08625  0.597785  1.9 
 2.08831  0.59625  1.9 
 2.08875  0.595909  1.9 
 2.09125  0.59378  1.9 
 2.09128  0.59375  1.9 
 2.09375  0.591316  1.9 
 2.09381  0.59125  1.9 
 2.09595  0.58875  1.9 
 2.09625  0.58837  1.9 
 2.09781  0.58625  1.9 
 2.09875  0.584896  1.9 
 2.09951  0.58375  1.9 
 2.10113  0.58125  1.9 
 2.10125  0.581076  1.9 
 2.10281  0.57875  1.9 
 2.10375  0.57739  1.9 
 2.10456  0.57625  1.9 
 2.10625  0.573942  1.9 
 2.1064  0.57375  1.9 
 2.10845  0.57125  1.9 
 2.10875  0.570893  1.9 
 2.11066  0.56875  1.9 
 2.11125  0.568117  1.9 
 2.11304  0.56625  1.9 
 2.11375  0.565519  1.9 
 2.11551  0.56375  1.9 
 2.11625  0.563017  1.9 
 2.11804  0.56125  1.9 
 2.11875  0.560572  1.9 
 2.12067  0.55875  1.9 
 2.12125  0.558212  1.9 
 2.1234  0.55625  1.9 
 2.12375  0.555949  1.9 
 2.12625  0.55385  1.9 
 2.12637  0.55375  1.9 
 2.12875  0.551889  1.9 
 2.12958  0.55125  1.9 
 2.13125  0.549958  1.9 
 2.13279  0.54875  1.9 
 2.13375  0.547993  1.9 
 2.13589  0.54625  1.9 
 2.13625  0.545947  1.9 
 2.13874  0.54375  1.9 
 2.14125  0.541421  1.9 
 2.14143  0.54125  1.9 
 2.14375  0.539037  1.9 
 2.14404  0.53875  1.9 
 2.14625  0.536677  1.9 
 2.1467  0.53625  1.9 
 2.14875  0.534322  1.9 
 2.14934  0.53375  1.9 
 2.15125  0.531911  1.9 
 2.1519  0.53125  1.9 
 2.15375  0.529351  1.9 
 2.1543  0.52875  1.9 
 2.15625  0.526568  1.9 
 2.15652  0.52625  1.9 
 2.15862  0.52375  1.9 
 2.15875  0.523598  1.9 
 2.16077  0.52125  1.9 
 2.16125  0.520715  1.9 
 2.16307  0.51875  1.9 
 2.16375  0.518043  1.9 
 2.16552  0.51625  1.9 
 2.16625  0.515513  1.9 
 2.16802  0.51375  1.9 
 2.16875  0.513009  1.9 
 2.17047  0.51125  1.9 
 2.17125  0.510378  1.9 
 2.17266  0.50875  1.9 
 2.17375  0.507271  1.9 
 2.17444  0.50625  1.9 
 2.17561  0.50375  1.9 
 2.17625  0.501615  1.9 
 2.17634  0.50125  1.9 

# Contour 11, label: 
 1.98224  0.50125  1.9 
 1.98251  0.50375  1.9 
 1.98287  0.50625  1.9 
 1.98333  0.50875  1.9 
 1.98375  0.510804  1.9 
 1.98385  0.51125  1.9 
 1.98448  0.51375  1.9 
 1.98526  0.51625  1.9 
 1.98612  0.51875  1.9 
 1.98625  0.519099  1.9 
 1.98708  0.52125  1.9 
 1.98802  0.52375  1.9 
 1.98875  0.525762  1.9 
 1.98893  0.52625  1.9 
 1.98983  0.52875  1.9 
 1.99065  0.53125  1.9 
 1.99125  0.533158  1.9 
 1.99143  0.53375  1.9 
 1.99213  0.53625  1.9 
 1.99279  0.53875  1.9 
 1.99341  0.54125  1.9 
 1.99375  0.542863  1.9 
 1.99393  0.54375  1.9 
 1.99441  0.54625  1.9 
 1.99488  0.54875  1.9 
 1.99538  0.55125  1.9 
 1.99587  0.55375  1.9 
 1.99625  0.555694  1.9 
 1.99636  0.55625  1.9 
 1.99682  0.55875  1.9 
 1.99722  0.56125  1.9 
 1.99763  0.56375  1.9 
 1.99814  0.56625  1.9 
 1.99868  0.56875  1.9 
 1.99875  0.569034  1.9 
 1.99932  0.57125  1.9 
 1.99998  0.57375  1.9 
 2.00069  0.57625  1.9 
 2.00125  0.578098  1.9 
 2.00146  0.57875  1.9 
 2.00206  0.58125  1.9 
 2.00264  0.58375  1.9 
 2.00325  0.58625  1.9 
 2.00375  0.58825  1.9 
 2.00388  0.58875  1.9 
 2.00458  0.59125  1.9 
 2.00531  0.59375  1.9 
 2.00608  0.59625  1.9 
 2.00625  0.59676  1.9 
 2.00691  0.59875  1.9 
 2.00779  0.60125  1.9 
 2.00867  0.60375  1.9 
 2.00875  0.603962  1.9 
 2.00957  0.60625  1.9 
 2.01053  0.60875  1.9 
 2.01125  0.610308  1.9 
 2.01174  0.61125  1.9 
 2.01332  0.61375  1.9 
 2.01375  0.614316  1.9 
 2.01558  0.61625  1.9 
 2.01625  0.616841  1.9 
 2.01875  0.618516  1.9 
 2.01921  0.61875  1.9 
 2.02125  0.619663  1.9 
 2.02375  0.620452  1.9 
 2.02625  0.620959  1.9 
 2.02875  0.62125  1.9 
 2.03125  0.621358  1.9 
 2.03375  0.62137  1.9 
 2.03625  0.62129  1.9 
 2.03675  0.62125  1.9 
 2.03875  0.621085  1.9 
 2.04125  0.620747  1.9 
 2.04375  0.620279  1.9 
 2.04625  0.619705  1.9 
 2.04875  0.619028  1.9 
 2.04961  0.61875  1.9 
 2.05125  0.618217  1.9 
 2.05375  0.617291  1.9 
 2.05625  0.616261  1.9 
 2.05627  0.61625  1.9 
 2.05875  0.615065  1.9 
 2.06125  0.613801  1.9 
 2.06134  0.61375  1.9 
 2.06375  0.612435  1.9 
 2.0658  0.61125  1.9 
 2.06625  0.610995  1.9 
 2.06875  0.609455  1.9 
 2.06982  0.60875  1.9 
 2.07125  0.607834  1.9 
 2.07359  0.60625  1.9 
 2.07375  0.606147  1.9 
 2.07625  0.60443  1.9 
 2.07724  0.60375  1.9 
 2.07875  0.602748  1.9 
 2.08101  0.60125  1.9 
 2.08125  0.601096  1.9 
 2.08375  0.599482  1.9 
 2.08484  0.59875  1.9 

# Contour 12, label: 
 2.13875  0.604907  1.9 
 2.13971  0.60375  1.9 
 2.14125  0.601914  1.9 
 2.14176  0.60125  1.9 
 2.14364  0.59875  1.9 
 2.14375  0.598599  1.9 
 2.14533  0.59625  1.9 
 2.14625  0.594913  1.9 
 2.147  0.59375  1.9 
 2.1487  0.59125  1.9 
 2.14875  0.591182  1.9 
 2.15039  0.58875  1.9 
 2.15125  0.587582  1.9 
 2.15221  0.58625  1.9 
 2.15375  0.584259  1.9 
 2.15413  0.58375  1.9 
 2.15605  0.58125  1.9 
 2.15625  0.580985  1.9 
 2.15785  0.57875  1.9 
 2.15875  0.5775  1.9 
 2.15959  0.57625  1.9 
 2.16125  0.573758  1.9 
 2.16278  0.57125  1.9 
 2.16375  0.569756  1.9 
 2.16437  0.56875  1.9 
 2.16606  0.56625  1.9 
 2.16625  0.565988  1.9 
 2.16783  0.56375  1.9 
 2.16875  0.562574  1.9 
 2.16975  0.56125  1.9 
 2.17125  0.55937  1.9 
 2.17173  0.55875  1.9 
 2.17367  0.55625  1.9 
 2.17375  0.556144  1.9 
 2.1755  0.55375  1.9 
 2.17625  0.552747  1.9 
 2.17732  0.55125  1.9 
 2.17875  0.549354  1.9 
 2.17919  0.54875  1.9 
 2.18106  0.54625  1.9 
 2.18125  0.545992  1.9 
 2.18284  0.54375  1.9 
 2.18375  0.542518  1.9 
 2.18464  0.54125  1.9 
 2.18625  0.539036  1.9 
 2.18645  0.53875  1.9 
 2.18813  0.53625  1.9 
 2.18875  0.535328  1.9 
 2.18977  0.53375  1.9 
 2.19125  0.531617  1.9 
 2.1915  0.53125  1.9 
 2.19315  0.52875  1.9 
 2.19375  0.527919  1.9 
 2.19503  0.52625  1.9 
 2.19625  0.524953  1.9 
 2.19754  0.52375  1.9 
 2.19875  0.522843  1.9 
 2.20125  0.521254  1.9 
 2.20375  0.519826  1.9 
 2.2055  0.51875  1.9 
 2.20625  0.51826  1.9 
 2.20875  0.516301  1.9 
 2.20881  0.51625  1.9 
 2.2112  0.51375  1.9 
 2.21125  0.513687  1.9 
 2.21302  0.51125  1.9 
 2.21375  0.510058  1.9 
 2.21446  0.50875  1.9 
 2.21551  0.50625  1.9 
 2.21625  0.50375  1.9 
 2.21625  0.503725  1.9 
 2.21657  0.50125  1.9 

# Contour 13, label: 
 2.11625  0.811127  1.9 
 2.11571  0.80875  1.9 
 2.11514  0.80625  1.9 
 2.11456  0.80375  1.9 
 2.11398  0.80125  1.9 
 2.11375  0.800227  1.9 
 2.11345  0.79875  1.9 
 2.11299  0.79625  1.9 
 2.11256  0.79375  1.9 
 2.11219  0.79125  1.9 
 2.11186  0.78875  1.9 
 2.11157  0.78625  1.9 
 2.11131  0.78375  1.9 
 2.11125  0.783043  1.9 
 2.11111  0.78125  1.9 
 2.11093  0.77875  1.9 
 2.11077  0.77625  1.9 
 2.11063  0.77375  1.9 
 2.11052  0.77125  1.9 
 2.11044  0.76875  1.9 
 2.11039  0.76625  1.9 
 2.11036  0.76375  1.9 
 2.11036  0.76125  1.9 
 2.11035  0.75875  1.9 
 2.11034  0.75625  1.9 
 2.11031  0.75375  1.9 
 2.11026  0.75125  1.9 
 2.11019  0.74875  1.9 
 2.11007  0.74625  1.9 
 2.10989  0.74375  1.9 
 2.10964  0.74125  1.9 
 2.1093  0.73875  1.9 
 2.10887  0.73625  1.9 
 2.10875  0.735685  1.9 
 2.10839  0.73375  1.9 
 2.10789  0.73125  1.9 
 2.1074  0.72875  1.9 
 2.10704  0.72625  1.9 
 2.10683  0.72375  1.9 
 2.10676  0.72125  1.9 
 2.10678  0.71875  1.9 
 2.10688  0.71625  1.9 
 2.10705  0.71375  1.9 
 2.10727  0.71125  1.9 
 2.10753  0.70875  1.9 
 2.10781  0.70625  1.9 
 2.10812  0.70375  1.9 
 2.10844  0.70125  1.9 
 2.10875  0.699023  1.9 
 2.10879  0.69875  1.9 
 2.10913  0.69625  1.9 
 2.10948  0.69375  1.9 
 2.10982  0.69125  1.9 
 2.11017  0.68875  1.9 
 2.11054  0.68625  1.9 
 2.11094  0.68375  1.9 
 2.11125  0.681954  1.9 
 2.11137  0.68125  1.9 
 2.1118  0.67875  1.9 
 2.11228  0.67625  1.9 
 2.11281  0.67375  1.9 
 2.11336  0.67125  1.9 
 2.11375  0.669589  1.9 
 2.11393  0.66875  1.9 
 2.11448  0.66625  1.9 
 2.11505  0.66375  1.9 
 2.11563  0.66125  1.9 
 2.11623  0.65875  1.9 
 2.11625  0.658682  1.9 
 2.11679  0.65625  1.9 
 2.11738  0.65375  1.9 
 2.11802  0.65125  1.9 
 2.11872  0.64875  1.9 
 2.11875  0.648664  1.9 
 2.11944  0.64625  1.9 
 2.12022  0.64375  1.9 
 2.12108  0.64125  1.9 
 2.12125  0.640758  1.9 
 2.1219  0.63875  1.9 
 2.12273  0.63625  1.9 
 2.12357  0.63375  1.9 
 2.12375  0.633198  1.9 
 2.12434  0.63125  1.9 
 2.12513  0.62875  1.9 
 2.12598  0.62625  1.9 
 2.12625  0.62547  1.9 
 2.12683  0.62375  1.9 
 2.12778  0.62125  1.9 
 2.12875  0.619165  1.9 
 2.12894  0.61875  1.9 
 2.13019  0.61625  1.9 
 2.13125  0.614486  1.9 
 2.13168  0.61375  1.9 
 2.13339  0.61125  1.9 
 2.13375  0.610803  1.9 
 2.13535  0.60875  1.9 
 2.13625  0.607748  1.9 
 2.13753  0.60625  1.9 
 2.13875  0.604907  1.9 

# Contour 14, label: 
 2.12813  0.99875  1.9 
 2.12811  0.99625  1.9 
 2.12805  0.99375  1.9 
 2.12797  0.99125  1.9 
 2.12789  0.98875  1.9 
 2.12779  0.98625  1.9 
 2.1277  0.98375  1.9 
 2.12763  0.98125  1.9 
 2.12756  0.97875  1.9 
 2.12751  0.97625  1.9 
 2.12748  0.97375  1.9 
 2.12747  0.97125  1.9 
 2.12749  0.96875  1.9 
 2.12754  0.96625  1.9 
 2.12761  0.96375  1.9 
 2.12772  0.96125  1.9 
 2.12785  0.95875  1.9 
 2.12801  0.95625  1.9 
 2.1282  0.95375  1.9 
 2.12842  0.95125  1.9 
 2.12866  0.94875  1.9 
 2.12875  0.947888  1.9 
 2.12893  0.94625  1.9 
 2.1292  0.94375  1.9 
 2.12947  0.94125  1.9 
 2.12976  0.93875  1.9 
 2.13004  0.93625  1.9 
 2.13037  0.93375  1.9 
 2.13078  0.93125  1.9 
 2.13125  0.929301  1.9 
 2.13139  0.92875  1.9 
 2.13237  0.92625  1.9 
 2.13375  0.92388  1.9 
 2.13382  0.92375  1.9 
 2.1358  0.92125  1.9 
 2.13625  0.920795  1.9 
 2.13812  0.91875  1.9 
 2.13875  0.918148  1.9 
 2.14037  0.91625  1.9 
 2.14125  0.915399  1.9 
 2.1425  0.91375  1.9 
 2.14375  0.91256  1.9 
 2.14475  0.91125  1.9 
 2.14625  0.909639  1.9 
 2.1469  0.90875  1.9 
 2.14801  0.90625  1.9 
 2.14875  0.9039  1.9 
 2.1488  0.90375  1.9 
 2.14931  0.90125  1.9 
 2.14954  0.89875  1.9 
 2.14983  0.89625  1.9 
 2.1498  0.89375  1.9 
 2.14968  0.89125  1.9 
 2.14915  0.88875  1.9 
 2.14875  0.887259  1.9 
 2.14848  0.88625  1.9 
 2.14766  0.88375  1.9 
 2.14653  0.88125  1.9 
 2.14625  0.880692  1.9 
 2.14524  0.87875  1.9 
 2.14375  0.87631  1.9 
 2.14371  0.87625  1.9 
 2.14216  0.87375  1.9 
 2.14125  0.872325  1.9 
 2.14058  0.87125  1.9 
 2.13904  0.86875  1.9 
 2.13875  0.868261  1.9 
 2.13761  0.86625  1.9 
 2.13625  0.863866  1.9 
 2.13619  0.86375  1.9 
 2.13493  0.86125  1.9 
 2.13375  0.858998  1.9 
 2.13363  0.85875  1.9 
 2.13241  0.85625  1.9 
 2.13125  0.854007  1.9 
 2.13113  0.85375  1.9 
 2.12997  0.85125  1.9 
 2.12877  0.84875  1.9 
 2.12875  0.848706  1.9 
 2.12776  0.84625  1.9 
 2.12675  0.84375  1.9 
 2.12625  0.84246  1.9 
 2.12584  0.84125  1.9 
 2.12502  0.83875  1.9 
 2.12422  0.83625  1.9 
 2.12375  0.834806  1.9 
 2.12344  0.83375  1.9 
 2.12266  0.83125  1.9 
 2.12181  0.82875  1.9 
 2.12125  0.827256  1.9 
 2.12091  0.82625  1.9 
 2.12005  0.82375  1.9 
 2.11917  0.82125  1.9 
 2.11875  0.82005  1.9 
 2.11836  0.81875  1.9 
 2.11765  0.81625  1.9 
 2.11695  0.81375  1.9 
 2.11628  0.81125  1.9 
 2.11625  0.811127  1.9 

# Contour 15, label: 
 1.76125  0.710156  1.9 
 1.76053  0.70875  1.9 
 1.75911  0.70625  1.9 
 1.75875  0.705659  1.9 
 1.75777  0.70375  1.9 
 1.75627  0.70125  1.9 
 1.75625  0.70122  1.9 
 1.75498  0.69875  1.9 
 1.75375  0.69668  1.9 
 1.75352  0.69625  1.9 
 1.75233  0.69375  1.9 
 1.75125  0.691614  1.9 
 1.75112  0.69125  1.9 
 1.75039  0.68875  1.9 
 1.74978  0.68625  1.9 
 1.74926  0.68375  1.9 
 1.74879  0.68125  1.9 
 1.74875  0.681031  1.9 
 1.74857  0.67875  1.9 
 1.74839  0.67625  1.9 
 1.74822  0.67375  1.9 
 1.74805  0.67125  1.9 
 1.74787  0.66875  1.9 
 1.74769  0.66625  1.9 
 1.7475  0.66375  1.9 
 1.74731  0.66125  1.9 
 1.7471  0.65875  1.9 
 1.74688  0.65625  1.9 
 1.74665  0.65375  1.9 
 1.7464  0.65125  1.9 
 1.74625  0.649762  1.9 
 1.7462  0.64875  1.9 
 1.74608  0.64625  1.9 
 1.74596  0.64375  1.9 
 1.74583  0.64125  1.9 
 1.7457  0.63875  1.9 
 1.74557  0.63625  1.9 
 1.74544  0.63375  1.9 
 1.7453  0.63125  1.9 
 1.74515  0.62875  1.9 
 1.745  0.62625  1.9 
 1.74484  0.62375  1.9 
 1.74468  0.62125  1.9 
 1.74451  0.61875  1.9 
 1.74434  0.61625  1.9 
 1.74416  0.61375  1.9 
 1.74397  0.61125  1.9 
 1.74378  0.60875  1.9 
 1.74375  0.608332  1.9 
 1.74367  0.60625  1.9 
 1.74359  0.60375  1.9 
 1.7435  0.60125  1.9 
 1.74341  0.59875  1.9 
 1.74332  0.59625  1.9 
 1.74323  0.59375  1.9 
 1.74314  0.59125  1.9 
 1.74305  0.58875  1.9 
 1.74296  0.58625  1.9 
 1.74287  0.58375  1.9 
 1.74277  0.58125  1.9 
 1.74268  0.57875  1.9 
 1.74259  0.57625  1.9 
 1.7425  0.57375  1.9 
 1.74241  0.57125  1.9 
 1.74232  0.56875  1.9 
 1.74223  0.56625  1.9 
 1.74214  0.56375  1.9 
 1.74205  0.56125  1.9 
 1.74196  0.55875  1.9 
 1.74187  0.55625  1.9 
 1.74179  0.55375  1.9 
 1.74171  0.55125  1.9 
 1.74163  0.54875  1.9 
 1.74155  0.54625  1.9 
 1.74147  0.54375  1.9 
 1.7414  0.54125  1.9 
 1.74133  0.53875  1.9 
 1.74126  0.53625  1.9 
 1.74125  0.535801  1.9 
 1.74123  0.53375  1.9 
 1.7412  0.53125  1.9 
 1.74117  0.52875  1.9 
 1.74115  0.52625  1.9 
 1.74113  0.52375  1.9 
 1.74111  0.52125  1.9 
 1.74109  0.51875  1.9 
 1.74108  0.51625  1.9 
 1.74106  0.51375  1.9 
 1.74105  0.51125  1.9 
 1.74104  0.50875  1.9 
 1.74104  0.50625  1.9 
 1.74103  0.50375  1.9 
 1.74103  0.50125  1.9 

# Contour 16, label: 
 1.8587  0.85875  1.9 
 1.85694  0.85625  1.9 
 1.85625  0.855375  1.9 
 1.85513  0.85375  1.9 
 1.85375  0.851981  1.9 
 1.85325  0.85125  1.9 
 1.85134  0.84875  1.9 
 1.85125  0.848634  1.9 
 1.84961  0.84625  1.9 
 1.84875  0.845147  1.9 
 1.8478  0.84375  1.9 
 1.84625  0.841745  1.9 
 1.84592  0.84125  1.9 
 1.84409  0.83875  1.9 
 1.84375  0.83831  1.9 
 1.84237  0.83625  1.9 
 1.84125  0.834804  1.9 
 1.84055  0.83375  1.9 
 1.83875  0.831373  1.9 
 1.83867  0.83125  1.9 
 1.83699  0.82875  1.9 
 1.83625  0.827794  1.9 
 1.83525  0.82625  1.9 
 1.83375  0.82427  1.9 
 1.83342  0.82375  1.9 
 1.83166  0.82125  1.9 
 1.83125  0.820728  1.9 
 1.82996  0.81875  1.9 
 1.82875  0.817167  1.9 
 1.82817  0.81625  1.9 
 1.8263  0.81375  1.9 
 1.82625  0.813682  1.9 
 1.82464  0.81125  1.9 
 1.82375  0.810109  1.9 
 1.82287  0.80875  1.9 
 1.82125  0.806596  1.9 
 1.82103  0.80625  1.9 
 1.81932  0.80375  1.9 
 1.81875  0.803022  1.9 
 1.81761  0.80125  1.9 
 1.81625  0.799436  1.9 
 1.81582  0.79875  1.9 
 1.81407  0.79625  1.9 
 1.81375  0.795825  1.9 
 1.81243  0.79375  1.9 
 1.81125  0.79215  1.9 
 1.81069  0.79125  1.9 
 1.80895  0.78875  1.9 
 1.80875  0.788486  1.9 
 1.80736  0.78625  1.9 
 1.80625  0.784723  1.9 
 1.80565  0.78375  1.9 
 1.80394  0.78125  1.9 
 1.80375  0.780992  1.9 
 1.80238  0.77875  1.9 
 1.80125  0.777152  1.9 
 1.80071  0.77625  1.9 
 1.79905  0.77375  1.9 
 1.79875  0.773329  1.9 
 1.79751  0.77125  1.9 
 1.79625  0.769428  1.9 
 1.79585  0.76875  1.9 
 1.79428  0.76625  1.9 
 1.79375  0.765492  1.9 
 1.79273  0.76375  1.9 
 1.79125  0.761551  1.9 
 1.79107  0.76125  1.9 
 1.7896  0.75875  1.9 
 1.78875  0.757492  1.9 
 1.78804  0.75625  1.9 
 1.78644  0.75375  1.9 
 1.78625  0.75347  1.9 
 1.785  0.75125  1.9 
 1.78375  0.749342  1.9 
 1.78341  0.74875  1.9 
 1.78196  0.74625  1.9 
 1.78125  0.745165  1.9 
 1.78047  0.74375  1.9 
 1.77891  0.74125  1.9 
 1.77875  0.741003  1.9 
 1.77753  0.73875  1.9 
 1.77625  0.73673  1.9 
 1.77598  0.73625  1.9 
 1.77461  0.73375  1.9 
 1.77375  0.732393  1.9 
 1.77314  0.73125  1.9 
 1.7717  0.72875  1.9 
 1.77125  0.728039  1.9 
 1.77032  0.72625  1.9 
 1.7688  0.72375  1.9 
 1.76875  0.723673  1.9 
 1.76751  0.72125  1.9 
 1.76625  0.71919  1.9 
 1.76602  0.71875  1.9 
 1.76471  0.71625  1.9 
 1.76375  0.714675  1.9 
 1.76327  0.71375  1.9 
 1.76192  0.71125  1.9 
 1.76125  0.710156  1.9 

# Contour 17, label: 
 1.96309  0.99875  1.9 
 1.96274  0.99625  1.9 
 1.96218  0.99375  1.9 
 1.96139  0.99125  1.9 
 1.96125  0.990856  1.9 
 1.96039  0.98875  1.9 
 1.95915  0.98625  1.9 
 1.95875  0.98551  1.9 
 1.9577  0.98375  1.9 
 1.95625  0.981593  1.9 
 1.95601  0.98125  1.9 
 1.9542  0.97875  1.9 
 1.95375  0.978156  1.9 
 1.95229  0.97625  1.9 
 1.95125  0.974956  1.9 
 1.95028  0.97375  1.9 
 1.94875  0.971932  1.9 
 1.94818  0.97125  1.9 
 1.94625  0.969024  1.9 
 1.94602  0.96875  1.9 
 1.94381  0.96625  1.9 
 1.94375  0.966182  1.9 
 1.94161  0.96375  1.9 
 1.94125  0.963355  1.9 
 1.93937  0.96125  1.9 
 1.93875  0.960584  1.9 
 1.93709  0.95875  1.9 
 1.93625  0.957856  1.9 
 1.93479  0.95625  1.9 
 1.93375  0.955161  1.9 
 1.93246  0.95375  1.9 
 1.93125  0.952485  1.9 
 1.93013  0.95125  1.9 
 1.92875  0.949812  1.9 
 1.9278  0.94875  1.9 
 1.92625  0.947122  1.9 
 1.92548  0.94625  1.9 
 1.92375  0.944407  1.9 
 1.92318  0.94375  1.9 
 1.92125  0.941664  1.9 
 1.9209  0.94125  1.9 
 1.91875  0.938892  1.9 
 1.91863  0.93875  1.9 
 1.91643  0.93625  1.9 
 1.91625  0.936058  1.9 
 1.91428  0.93375  1.9 
 1.91375  0.933165  1.9 
 1.91215  0.93125  1.9 
 1.91125  0.930241  1.9 
 1.91003  0.92875  1.9 
 1.90875  0.927291  1.9 
 1.90792  0.92625  1.9 
 1.90625  0.924309  1.9 
 1.90582  0.92375  1.9 
 1.90375  0.921295  1.9 
 1.90372  0.92125  1.9 
 1.90177  0.91875  1.9 
 1.90125  0.918133  1.9 
 1.89984  0.91625  1.9 
 1.89875  0.914928  1.9 
 1.89789  0.91375  1.9 
 1.89625  0.911692  1.9 
 1.89594  0.91125  1.9 
 1.89408  0.90875  1.9 
 1.89375  0.908333  1.9 
 1.89232  0.90625  1.9 
 1.89125  0.904833  1.9 
 1.89053  0.90375  1.9 
 1.88875  0.901332  1.9 
 1.8887  0.90125  1.9 
 1.88706  0.89875  1.9 
 1.88625  0.897623  1.9 
 1.88537  0.89625  1.9 
 1.88375  0.893983  1.9 
 1.8836  0.89375  1.9 
 1.88197  0.89125  1.9 
 1.88125  0.890231  1.9 
 1.8803  0.88875  1.9 
 1.87875  0.886582  1.9 
 1.87853  0.88625  1.9 
 1.87686  0.88375  1.9 
 1.87625  0.882907  1.9 
 1.87516  0.88125  1.9 
 1.87375  0.879333  1.9 
 1.87336  0.87875  1.9 
 1.87157  0.87625  1.9 
 1.87125  0.875831  1.9 
 1.86984  0.87375  1.9 
 1.86875  0.87233  1.9 
 1.86801  0.87125  1.9 
 1.86625  0.868966  1.9 
 1.8661  0.86875  1.9 
 1.86431  0.86625  1.9 
 1.86375  0.865536  1.9 
 1.86251  0.86375  1.9 
 1.86125  0.862142  1.9 
 1.86063  0.86125  1.9 
 1.85875  0.858829  1.9 
 1.8587  0.85875  1.9 


# Contour 18, label:      1.8
 2.65375  0.655015  1.8 
 2.65253  0.65375  1.8 
 2.65375  0.652609  1.8 
 2.65454  0.65125  1.8 
 2.65625  0.649403  1.8 
 2.6571  0.64875  1.8 
 2.65875  0.648023  1.8 
 2.66082  0.64625  1.8 
 2.66125  0.645736  1.8 
 2.66318  0.64375  1.8 
 2.66375  0.642326  1.8 
 2.66422  0.64375  1.8 
 2.66466  0.64625  1.8 
 2.66426  0.64875  1.8 
 2.66486  0.65125  1.8 
 2.66375  0.652772  1.8 
 2.6625  0.65375  1.8 
 2.66125  0.654416  1.8 
 2.65875  0.65456  1.8 
 2.65625  0.654989  1.8 
 2.65375  0.655015  1.8 

# Contour 19, label: 
 2.57125  0.660728  1.8 
 2.57033  0.65875  1.8 
 2.57125  0.657103  1.8 
 2.57375  0.65832  1.8 
 2.57394  0.65875  1.8 
 2.57375  0.659171  1.8 
 2.57125  0.660728  1.8 

# Contour 20, label: 
 2.57875  0.661289  1.8 
 2.57873  0.66125  1.8 
 2.57875  0.661237  1.8 
 2.57878  0.66125  1.8 
 2.57875  0.661289  1.8 

# Contour 21, label: 
 2.52375  0.664205  1.8 
 2.52326  0.66375  1.8 
 2.52375  0.662737  1.8 
 2.5241  0.66375  1.8 
 2.52375  0.664205  1.8 

# Contour 22, label: 
 2.53875  0.669274  1.8 
 2.53828  0.66875  1.8 
 2.53875  0.66794  1.8 
 2.53935  0.66875  1.8 
 2.53875  0.669274  1.8 

# Contour 23, label: 
 2.53625  0.671885  1.8 
 2.53525  0.67125  1.8 
 2.53625  0.670812  1.8 
 2.53674  0.67125  1.8 
 2.53625  0.671885  1.8 

# Contour 24, label: 
 2.47206  0.62375  1.8 
 2.47243  0.62125  1.8 
 2.47226  0.61875  1.8 
 2.47139  0.61625  1.8 
 2.47125  0.615908  1.8 
 2.47025  0.61375  1.8 
 2.46904  0.61125  1.8 
 2.46875  0.610683  1.8 
 2.46771  0.60875  1.8 
 2.46625  0.606699  1.8 
 2.46588  0.60625  1.8 
 2.46375  0.604423  1.8 
 2.46275  0.60375  1.8 
 2.46125  0.602963  1.8 
 2.45875  0.601861  1.8 
 2.45725  0.60125  1.8 
 2.45625  0.600862  1.8 
 2.45375  0.599796  1.8 
 2.45164  0.59875  1.8 
 2.45125  0.598522  1.8 
 2.44875  0.596705  1.8 
 2.44823  0.59625  1.8 
 2.44625  0.593869  1.8 
 2.44616  0.59375  1.8 
 2.4448  0.59125  1.8 
 2.44375  0.588777  1.8 
 2.44374  0.58875  1.8 
 2.44264  0.58625  1.8 
 2.44127  0.58375  1.8 
 2.44125  0.583724  1.8 
 2.43946  0.58125  1.8 
 2.43875  0.580386  1.8 
 2.43755  0.57875  1.8 
 2.43625  0.577083  1.8 
 2.43572  0.57625  1.8 
 2.43389  0.57375  1.8 
 2.43375  0.57359  1.8 
 2.43187  0.57125  1.8 
 2.43125  0.570656  1.8 
 2.42933  0.56875  1.8 
 2.42875  0.56831  1.8 
 2.42625  0.566448  1.8 
 2.42597  0.56625  1.8 
 2.42375  0.564984  1.8 
 2.42149  0.56375  1.8 
 2.42125  0.563642  1.8 
 2.41875  0.562476  1.8 
 2.41625  0.56126  1.8 
 2.41623  0.56125  1.8 
 2.41375  0.56  1.8 
 2.41142  0.55875  1.8 
 2.41125  0.558646  1.8 
 2.40875  0.55704  1.8 
 2.40754  0.55625  1.8 
 2.40625  0.555255  1.8 
 2.40428  0.55375  1.8 
 2.40375  0.553267  1.8 
 2.40144  0.55125  1.8 
 2.40125  0.551055  1.8 
 2.39888  0.54875  1.8 
 2.39875  0.548604  1.8 
 2.39654  0.54625  1.8 
 2.39625  0.545896  1.8 
 2.39445  0.54375  1.8 
 2.39375  0.542784  1.8 
 2.39264  0.54125  1.8 
 2.39125  0.538979  1.8 
 2.39111  0.53875  1.8 
 2.38998  0.53625  1.8 
 2.38914  0.53375  1.8 
 2.38875  0.531835  1.8 
 2.38863  0.53125  1.8 
 2.38841  0.52875  1.8 
 2.38841  0.52625  1.8 
 2.38857  0.52375  1.8 
 2.38875  0.521691  1.8 
 2.38879  0.52125  1.8 
 2.38913  0.51875  1.8 
 2.38959  0.51625  1.8 
 2.39004  0.51375  1.8 
 2.39012  0.51125  1.8 
 2.38993  0.50875  1.8 
 2.38947  0.50625  1.8 
 2.38875  0.503802  1.8 
 2.38873  0.50375  1.8 
 2.38781  0.50125  1.8 

# Contour 25, label: 
 2.30141  0.58125  1.8 
 2.30375  0.580422  1.8 
 2.30625  0.579962  1.8 
 2.30875  0.57985  1.8 
 2.31125  0.579944  1.8 
 2.31375  0.580203  1.8 
 2.31625  0.580617  1.8 
 2.31875  0.58117  1.8 
 2.31904  0.58125  1.8 
 2.32125  0.581901  1.8 
 2.32375  0.582738  1.8 
 2.32625  0.583651  1.8 
 2.32649  0.58375  1.8 
 2.32875  0.584734  1.8 
 2.33125  0.585865  1.8 
 2.33206  0.58625  1.8 
 2.33375  0.5871  1.8 
 2.33625  0.588365  1.8 
 2.337  0.58875  1.8 
 2.33875  0.589672  1.8 
 2.34125  0.590957  1.8 
 2.34183  0.59125  1.8 
 2.34375  0.592207  1.8 
 2.34625  0.593399  1.8 
 2.34701  0.59375  1.8 
 2.34875  0.594493  1.8 
 2.35125  0.595509  1.8 
 2.35314  0.59625  1.8 
 2.35375  0.596479  1.8 
 2.35625  0.597418  1.8 
 2.35875  0.598333  1.8 
 2.35988  0.59875  1.8 
 2.36125  0.599295  1.8 
 2.36375  0.600329  1.8 
 2.36587  0.60125  1.8 
 2.36625  0.601433  1.8 
 2.36875  0.602718  1.8 
 2.37066  0.60375  1.8 
 2.37125  0.604116  1.8 
 2.37375  0.605709  1.8 
 2.3746  0.60625  1.8 
 2.37625  0.607481  1.8 
 2.37799  0.60875  1.8 
 2.37875  0.609402  1.8 
 2.38104  0.61125  1.8 
 2.38125  0.611445  1.8 
 2.38375  0.613584  1.8 
 2.38397  0.61375  1.8 
 2.38625  0.615699  1.8 
 2.38698  0.61625  1.8 
 2.38875  0.617656  1.8 
 2.3903  0.61875  1.8 
 2.39125  0.619435  1.8 
 2.39375  0.621042  1.8 
 2.39411  0.62125  1.8 
 2.39625  0.622488  1.8 
 2.39875  0.623742  1.8 
 2.40125  0.624857  1.8 
 2.40375  0.625841  1.8 
 2.40487  0.62625  1.8 
 2.40625  0.626797  1.8 
 2.40875  0.627818  1.8 
 2.41088  0.62875  1.8 
 2.41125  0.628938  1.8 
 2.41375  0.630288  1.8 
 2.41538  0.63125  1.8 
 2.41625  0.631813  1.8 
 2.41875  0.633549  1.8 
 2.41904  0.63375  1.8 
 2.42125  0.635412  1.8 
 2.42262  0.63625  1.8 
 2.42375  0.63685  1.8 
 2.42625  0.637838  1.8 
 2.42875  0.638507  1.8 
 2.43022  0.63875  1.8 
 2.43125  0.638918  1.8 
 2.43375  0.639119  1.8 
 2.43625  0.639161  1.8 
 2.43875  0.639065  1.8 
 2.44125  0.638854  1.8 
 2.44208  0.63875  1.8 
 2.44375  0.638544  1.8 
 2.44625  0.638197  1.8 
 2.44875  0.637841  1.8 
 2.45125  0.637423  1.8 
 2.45375  0.636877  1.8 
 2.456  0.63625  1.8 
 2.45625  0.636178  1.8 
 2.45875  0.63524  1.8 
 2.46125  0.634159  1.8 
 2.46205  0.63375  1.8 
 2.46375  0.632777  1.8 
 2.4662  0.63125  1.8 
 2.46625  0.631209  1.8 
 2.46875  0.62912  1.8 
 2.46916  0.62875  1.8 
 2.47106  0.62625  1.8 
 2.47125  0.625809  1.8 
 2.47206  0.62375  1.8 

# Contour 26, label: 
 2.23989  0.50125  1.8 
 2.24004  0.50375  1.8 
 2.24025  0.50625  1.8 
 2.24051  0.50875  1.8 
 2.24082  0.51125  1.8 
 2.24118  0.51375  1.8 
 2.24125  0.51425  1.8 
 2.24156  0.51625  1.8 
 2.24197  0.51875  1.8 
 2.24233  0.52125  1.8 
 2.24276  0.52375  1.8 
 2.24324  0.52625  1.8 
 2.24375  0.528708  1.8 
 2.24376  0.52875  1.8 
 2.24431  0.53125  1.8 
 2.24488  0.53375  1.8 
 2.24543  0.53625  1.8 
 2.24598  0.53875  1.8 
 2.24625  0.540118  1.8 
 2.24649  0.54125  1.8 
 2.24692  0.54375  1.8 
 2.24737  0.54625  1.8 
 2.24783  0.54875  1.8 
 2.24817  0.55125  1.8 
 2.24625  0.553005  1.8 
 2.24375  0.553075  1.8 
 2.24125  0.552723  1.8 
 2.23875  0.552389  1.8 
 2.23625  0.552312  1.8 
 2.23375  0.552744  1.8 
 2.23186  0.55375  1.8 
 2.23148  0.55625  1.8 
 2.2329  0.55875  1.8 
 2.23375  0.560602  1.8 
 2.23405  0.56125  1.8 
 2.23508  0.56375  1.8 
 2.23591  0.56625  1.8 
 2.23625  0.567361  1.8 
 2.23664  0.56875  1.8 
 2.23721  0.57125  1.8 
 2.2377  0.57375  1.8 
 2.23818  0.57625  1.8 
 2.2387  0.57875  1.8 
 2.23875  0.578942  1.8 
 2.23926  0.58125  1.8 
 2.23997  0.58375  1.8 
 2.24089  0.58625  1.8 
 2.24125  0.586964  1.8 
 2.24204  0.58875  1.8 
 2.24351  0.59125  1.8 
 2.24375  0.591581  1.8 
 2.24516  0.59375  1.8 
 2.24625  0.595484  1.8 
 2.24671  0.59625  1.8 
 2.2482  0.59875  1.8 
 2.24875  0.599698  1.8 
 2.24976  0.60125  1.8 
 2.25125  0.603465  1.8 
 2.25147  0.60375  1.8 
 2.25341  0.60625  1.8 
 2.25375  0.606677  1.8 
 2.25567  0.60875  1.8 
 2.25625  0.609391  1.8 
 2.2582  0.61125  1.8 
 2.25875  0.611807  1.8 
 2.26105  0.61375  1.8 
 2.26125  0.613922  1.8 
 2.26375  0.615596  1.8 
 2.26518  0.61625  1.8 
 2.26625  0.616707  1.8 
 2.26875  0.617321  1.8 
 2.27125  0.617582  1.8 
 2.27375  0.617526  1.8 
 2.27625  0.617051  1.8 
 2.27834  0.61625  1.8 
 2.27875  0.616082  1.8 
 2.28125  0.614433  1.8 
 2.28204  0.61375  1.8 
 2.28375  0.612051  1.8 
 2.28442  0.61125  1.8 
 2.28621  0.60875  1.8 
 2.28625  0.608694  1.8 
 2.2876  0.60625  1.8 
 2.28875  0.603957  1.8 
 2.28884  0.60375  1.8 
 2.28992  0.60125  1.8 
 2.29095  0.59875  1.8 
 2.29125  0.598012  1.8 
 2.29191  0.59625  1.8 
 2.29281  0.59375  1.8 
 2.29369  0.59125  1.8 
 2.29375  0.591095  1.8 
 2.29465  0.58875  1.8 
 2.2959  0.58625  1.8 
 2.29625  0.58576  1.8 
 2.29787  0.58375  1.8 
 2.29875  0.583  1.8 
 2.30125  0.581329  1.8 
 2.30141  0.58125  1.8 

# Contour 27, label: 
 1.75125  0.695641  1.8 
 1.75045  0.69375  1.8 
 1.74957  0.69125  1.8 
 1.74882  0.68875  1.8 
 1.74875  0.688472  1.8 
 1.74845  0.68625  1.8 
 1.74819  0.68375  1.8 
 1.74797  0.68125  1.8 
 1.74777  0.67875  1.8 
 1.74756  0.67625  1.8 
 1.74736  0.67375  1.8 
 1.74715  0.67125  1.8 
 1.74693  0.66875  1.8 
 1.7467  0.66625  1.8 
 1.74646  0.66375  1.8 
 1.74625  0.66173  1.8 
 1.74622  0.66125  1.8 
 1.74609  0.65875  1.8 
 1.74595  0.65625  1.8 
 1.74582  0.65375  1.8 
 1.74568  0.65125  1.8 
 1.74554  0.64875  1.8 
 1.74539  0.64625  1.8 
 1.74524  0.64375  1.8 
 1.74508  0.64125  1.8 
 1.74492  0.63875  1.8 
 1.74475  0.63625  1.8 
 1.74457  0.63375  1.8 
 1.74439  0.63125  1.8 
 1.7442  0.62875  1.8 
 1.744  0.62625  1.8 
 1.74379  0.62375  1.8 
 1.74375  0.623253  1.8 
 1.74366  0.62125  1.8 
 1.74355  0.61875  1.8 
 1.74344  0.61625  1.8 
 1.74334  0.61375  1.8 
 1.74323  0.61125  1.8 
 1.74313  0.60875  1.8 
 1.74302  0.60625  1.8 
 1.74291  0.60375  1.8 
 1.7428  0.60125  1.8 
 1.74269  0.59875  1.8 
 1.74257  0.59625  1.8 
 1.74246  0.59375  1.8 
 1.74235  0.59125  1.8 
 1.74223  0.58875  1.8 
 1.74211  0.58625  1.8 
 1.742  0.58375  1.8 
 1.74188  0.58125  1.8 
 1.74176  0.57875  1.8 
 1.74164  0.57625  1.8 
 1.74152  0.57375  1.8 
 1.7414  0.57125  1.8 
 1.74128  0.56875  1.8 
 1.74125  0.568195  1.8 
 1.7412  0.56625  1.8 
 1.74114  0.56375  1.8 
 1.74108  0.56125  1.8 
 1.74103  0.55875  1.8 
 1.74097  0.55625  1.8 
 1.74092  0.55375  1.8 
 1.74087  0.55125  1.8 
 1.74083  0.54875  1.8 
 1.74078  0.54625  1.8 
 1.74074  0.54375  1.8 
 1.7407  0.54125  1.8 
 1.74066  0.53875  1.8 
 1.74062  0.53625  1.8 
 1.74059  0.53375  1.8 
 1.74055  0.53125  1.8 
 1.74052  0.52875  1.8 
 1.74049  0.52625  1.8 
 1.74047  0.52375  1.8 
 1.74044  0.52125  1.8 
 1.74042  0.51875  1.8 
 1.7404  0.51625  1.8 
 1.74039  0.51375  1.8 
 1.74037  0.51125  1.8 
 1.74036  0.50875  1.8 
 1.74036  0.50625  1.8 
 1.74035  0.50375  1.8 
 1.74035  0.50125  1.8 

# Contour 28, label: 
 1.8449  0.84875  1.8 
 1.84375  0.847143  1.8 
 1.84313  0.84625  1.8 
 1.84141  0.84375  1.8 
 1.84125  0.843524  1.8 
 1.83975  0.84125  1.8 
 1.83875  0.839844  1.8 
 1.83801  0.83875  1.8 
 1.8363  0.83625  1.8 
 1.83625  0.836177  1.8 
 1.83469  0.83375  1.8 
 1.83375  0.832406  1.8 
 1.83299  0.83125  1.8 
 1.83132  0.82875  1.8 
 1.83125  0.828649  1.8 
 1.82975  0.82625  1.8 
 1.82875  0.824785  1.8 
 1.82808  0.82375  1.8 
 1.82648  0.82125  1.8 
 1.82625  0.820907  1.8 
 1.82492  0.81875  1.8 
 1.82375  0.816981  1.8 
 1.82328  0.81625  1.8 
 1.82175  0.81375  1.8 
 1.82125  0.813005  1.8 
 1.82016  0.81125  1.8 
 1.81875  0.809053  1.8 
 1.81855  0.80875  1.8 
 1.81704  0.80625  1.8 
 1.81625  0.805062  1.8 
 1.81542  0.80375  1.8 
 1.81387  0.80125  1.8 
 1.81375  0.801073  1.8 
 1.8123  0.79875  1.8 
 1.81125  0.797134  1.8 
 1.81068  0.79625  1.8 
 1.80916  0.79375  1.8 
 1.80875  0.793148  1.8 
 1.80754  0.79125  1.8 
 1.80625  0.789212  1.8 
 1.80594  0.78875  1.8 
 1.80441  0.78625  1.8 
 1.80375  0.785251  1.8 
 1.80277  0.78375  1.8 
 1.80125  0.781259  1.8 
 1.79966  0.77875  1.8 
 1.79875  0.777324  1.8 
 1.79804  0.77625  1.8 
 1.79655  0.77375  1.8 
 1.79625  0.77329  1.8 
 1.79495  0.77125  1.8 
 1.79375  0.769295  1.8 
 1.79339  0.76875  1.8 
 1.79189  0.76625  1.8 
 1.79125  0.765238  1.8 
 1.79029  0.76375  1.8 
 1.78883  0.76125  1.8 
 1.78875  0.761122  1.8 
 1.78728  0.75875  1.8 
 1.78625  0.75705  1.8 
 1.78573  0.75625  1.8 
 1.78429  0.75375  1.8 
 1.78375  0.752878  1.8 
 1.78272  0.75125  1.8 
 1.78131  0.74875  1.8 
 1.78125  0.748661  1.8 
 1.77979  0.74625  1.8 
 1.77875  0.744468  1.8 
 1.77829  0.74375  1.8 
 1.77689  0.74125  1.8 
 1.77625  0.740178  1.8 
 1.77537  0.73875  1.8 
 1.77401  0.73625  1.8 
 1.77375  0.735822  1.8 
 1.77252  0.73375  1.8 
 1.77125  0.73145  1.8 
 1.77112  0.73125  1.8 
 1.76971  0.72875  1.8 
 1.76875  0.727041  1.8 
 1.76826  0.72625  1.8 
 1.76693  0.72375  1.8 
 1.76625  0.722558  1.8 
 1.76547  0.72125  1.8 
 1.76417  0.71875  1.8 
 1.76375  0.718022  1.8 
 1.76272  0.71625  1.8 
 1.76142  0.71375  1.8 
 1.76125  0.713466  1.8 
 1.75999  0.71125  1.8 
 1.75875  0.708945  1.8 
 1.75863  0.70875  1.8 
 1.75724  0.70625  1.8 
 1.75625  0.704499  1.8 
 1.75578  0.70375  1.8 
 1.75441  0.70125  1.8 
 1.75375  0.70013  1.8 
 1.75293  0.69875  1.8 
 1.75157  0.69625  1.8 
 1.75125  0.695641  1.8 

# Contour 29, label: 
 1.9396  0.99875  1.8 
 1.9394  0.99625  1.8 
 1.93902  0.99375  1.8 
 1.93875  0.992583  1.8 
 1.93843  0.99125  1.8 
 1.93763  0.98875  1.8 
 1.93672  0.98625  1.8 
 1.93625  0.985152  1.8 
 1.93564  0.98375  1.8 
 1.93446  0.98125  1.8 
 1.93375  0.979818  1.8 
 1.93321  0.97875  1.8 
 1.93185  0.97625  1.8 
 1.93125  0.975179  1.8 
 1.93043  0.97375  1.8 
 1.92898  0.97125  1.8 
 1.92875  0.970877  1.8 
 1.9274  0.96875  1.8 
 1.92625  0.966885  1.8 
 1.92585  0.96625  1.8 
 1.92422  0.96375  1.8 
 1.92375  0.963049  1.8 
 1.92253  0.96125  1.8 
 1.92125  0.959288  1.8 
 1.92089  0.95875  1.8 
 1.91917  0.95625  1.8 
 1.91875  0.955639  1.8 
 1.91742  0.95375  1.8 
 1.91625  0.952032  1.8 
 1.91571  0.95125  1.8 
 1.91398  0.94875  1.8 
 1.91375  0.948421  1.8 
 1.91218  0.94625  1.8 
 1.91125  0.944917  1.8 
 1.91042  0.94375  1.8 
 1.90875  0.941278  1.8 
 1.90873  0.94125  1.8 
 1.90689  0.93875  1.8 
 1.90625  0.93783  1.8 
 1.90511  0.93625  1.8 
 1.90375  0.934241  1.8 
 1.90341  0.93375  1.8 
 1.90164  0.93125  1.8 
 1.90125  0.93069  1.8 
 1.89985  0.92875  1.8 
 1.89875  0.927119  1.8 
 1.89814  0.92625  1.8 
 1.89646  0.92375  1.8 
 1.89625  0.92345  1.8 
 1.89469  0.92125  1.8 
 1.89375  0.919865  1.8 
 1.89298  0.91875  1.8 
 1.89136  0.91625  1.8 
 1.89125  0.916087  1.8 
 1.88966  0.91375  1.8 
 1.88875  0.912376  1.8 
 1.88799  0.91125  1.8 
 1.8864  0.90875  1.8 
 1.88625  0.908526  1.8 
 1.88473  0.90625  1.8 
 1.88375  0.904773  1.8 
 1.88306  0.90375  1.8 
 1.88145  0.90125  1.8 
 1.88125  0.900962  1.8 
 1.87976  0.89875  1.8 
 1.87875  0.897265  1.8 
 1.87805  0.89625  1.8 
 1.87639  0.89375  1.8 
 1.87625  0.893549  1.8 
 1.87469  0.89125  1.8 
 1.87375  0.889923  1.8 
 1.87293  0.88875  1.8 
 1.87125  0.886321  1.8 
 1.8712  0.88625  1.8 
 1.86949  0.88375  1.8 
 1.86875  0.882727  1.8 
 1.86772  0.88125  1.8 
 1.86625  0.879201  1.8 
 1.86593  0.87875  1.8 
 1.86421  0.87625  1.8 
 1.86375  0.875628  1.8 
 1.86244  0.87375  1.8 
 1.86125  0.872108  1.8 
 1.86064  0.87125  1.8 
 1.85888  0.86875  1.8 
 1.85875  0.868574  1.8 
 1.85716  0.86625  1.8 
 1.85625  0.865012  1.8 
 1.85537  0.86375  1.8 
 1.85375  0.861492  1.8 
 1.85358  0.86125  1.8 
 1.85188  0.85875  1.8 
 1.85125  0.857895  1.8 
 1.85012  0.85625  1.8 
 1.84875  0.854348  1.8 
 1.84833  0.85375  1.8 
 1.84662  0.85125  1.8 
 1.84625  0.850745  1.8 
 1.8449  0.84875  1.8 


# Contour 30, label:      1.7
 2.27168  0.50125  1.7 
 2.27199  0.50375  1.7 
 2.27247  0.50625  1.7 
 2.27315  0.50875  1.7 
 2.27375  0.510518  1.7 
 2.274  0.51125  1.7 
 2.275  0.51375  1.7 
 2.27612  0.51625  1.7 
 2.27625  0.516504  1.7 
 2.27738  0.51875  1.7 
 2.27872  0.52125  1.7 
 2.27875  0.521308  1.7 
 2.28019  0.52375  1.7 
 2.28125  0.525464  1.7 
 2.28177  0.52625  1.7 
 2.28359  0.52875  1.7 
 2.28375  0.528949  1.7 
 2.28581  0.53125  1.7 
 2.28625  0.531686  1.7 
 2.28851  0.53375  1.7 
 2.28875  0.533951  1.7 
 2.29125  0.535902  1.7 
 2.29173  0.53625  1.7 
 2.29375  0.537645  1.7 
 2.29551  0.53875  1.7 
 2.29625  0.539196  1.7 
 2.29875  0.54051  1.7 
 2.30045  0.54125  1.7 
 2.30125  0.541584  1.7 
 2.30375  0.54241  1.7 
 2.30625  0.543043  1.7 
 2.30875  0.543504  1.7 
 2.31065  0.54375  1.7 
 2.31125  0.543828  1.7 
 2.31375  0.544052  1.7 
 2.31625  0.544237  1.7 
 2.31875  0.544406  1.7 
 2.32125  0.544582  1.7 
 2.32375  0.544769  1.7 
 2.32625  0.544939  1.7 
 2.32875  0.545031  1.7 
 2.33125  0.544946  1.7 
 2.33375  0.544529  1.7 
 2.33566  0.54375  1.7 
 2.33625  0.543357  1.7 
 2.33795  0.54125  1.7 
 2.33875  0.53916  1.7 
 2.33886  0.53875  1.7 
 2.33924  0.53625  1.7 
 2.3395  0.53375  1.7 
 2.33965  0.53125  1.7 
 2.33971  0.52875  1.7 
 2.33969  0.52625  1.7 
 2.33961  0.52375  1.7 
 2.33946  0.52125  1.7 
 2.33926  0.51875  1.7 
 2.339  0.51625  1.7 
 2.33875  0.514128  1.7 
 2.33871  0.51375  1.7 
 2.33839  0.51125  1.7 
 2.33811  0.50875  1.7 
 2.3379  0.50625  1.7 
 2.33778  0.50375  1.7 
 2.33775  0.50125  1.7 

# Contour 31, label: 
 1.74433  0.64125  1.7 
 1.74413  0.63875  1.7 
 1.74392  0.63625  1.7 
 1.74375  0.634238  1.7 
 1.74372  0.63375  1.7 
 1.74359  0.63125  1.7 
 1.74346  0.62875  1.7 
 1.74333  0.62625  1.7 
 1.74321  0.62375  1.7 
 1.74309  0.62125  1.7 
 1.74297  0.61875  1.7 
 1.74285  0.61625  1.7 
 1.74273  0.61375  1.7 
 1.74261  0.61125  1.7 
 1.74249  0.60875  1.7 
 1.74236  0.60625  1.7 
 1.74223  0.60375  1.7 
 1.7421  0.60125  1.7 
 1.74197  0.59875  1.7 
 1.74183  0.59625  1.7 
 1.7417  0.59375  1.7 
 1.74156  0.59125  1.7 
 1.74141  0.58875  1.7 
 1.74127  0.58625  1.7 
 1.74125  0.585877  1.7 
 1.74117  0.58375  1.7 
 1.74108  0.58125  1.7 
 1.741  0.57875  1.7 
 1.74092  0.57625  1.7 
 1.74085  0.57375  1.7 
 1.74077  0.57125  1.7 
 1.7407  0.56875  1.7 
 1.74064  0.56625  1.7 
 1.74057  0.56375  1.7 
 1.74051  0.56125  1.7 
 1.74045  0.55875  1.7 
 1.74039  0.55625  1.7 
 1.74033  0.55375  1.7 
 1.74028  0.55125  1.7 
 1.74022  0.54875  1.7 
 1.74017  0.54625  1.7 
 1.74012  0.54375  1.7 
 1.74007  0.54125  1.7 
 1.74003  0.53875  1.7 
 1.73999  0.53625  1.7 
 1.73994  0.53375  1.7 
 1.73991  0.53125  1.7 
 1.73987  0.52875  1.7 
 1.73984  0.52625  1.7 
 1.73981  0.52375  1.7 
 1.73978  0.52125  1.7 
 1.73975  0.51875  1.7 
 1.73973  0.51625  1.7 
 1.73971  0.51375  1.7 
 1.7397  0.51125  1.7 
 1.73968  0.50875  1.7 
 1.73967  0.50625  1.7 
 1.73967  0.50375  1.7 
 1.73966  0.50125  1.7 

# Contour 32, label: 
 1.81735  0.81375  1.7 
 1.81625  0.811692  1.7 
 1.81596  0.81125  1.7 
 1.8144  0.80875  1.7 
 1.81375  0.807532  1.7 
 1.81292  0.80625  1.7 
 1.81151  0.80375  1.7 
 1.81125  0.803269  1.7 
 1.80993  0.80125  1.7 
 1.80875  0.799014  1.7 
 1.80858  0.79875  1.7 
 1.80698  0.79625  1.7 
 1.80625  0.79489  1.7 
 1.8055  0.79375  1.7 
 1.80406  0.79125  1.7 
 1.80375  0.790673  1.7 
 1.80247  0.78875  1.7 
 1.80125  0.786436  1.7 
 1.80113  0.78625  1.7 
 1.79949  0.78375  1.7 
 1.79875  0.782366  1.7 
 1.79801  0.78125  1.7 
 1.79656  0.77875  1.7 
 1.79625  0.77817  1.7 
 1.79497  0.77625  1.7 
 1.79375  0.773935  1.7 
 1.79363  0.77375  1.7 
 1.79199  0.77125  1.7 
 1.79125  0.769849  1.7 
 1.79052  0.76875  1.7 
 1.78908  0.76625  1.7 
 1.78875  0.765628  1.7 
 1.7875  0.76375  1.7 
 1.78625  0.761327  1.7 
 1.7862  0.76125  1.7 
 1.78455  0.75875  1.7 
 1.78375  0.757194  1.7 
 1.78313  0.75625  1.7 
 1.78167  0.75375  1.7 
 1.78125  0.752928  1.7 
 1.78014  0.75125  1.7 
 1.77885  0.74875  1.7 
 1.77875  0.748555  1.7 
 1.77723  0.74625  1.7 
 1.77625  0.744253  1.7 
 1.77592  0.74375  1.7 
 1.7744  0.74125  1.7 
 1.77375  0.739918  1.7 
 1.773  0.73875  1.7 
 1.77163  0.73625  1.7 
 1.77125  0.735482  1.7 
 1.77014  0.73375  1.7 
 1.7689  0.73125  1.7 
 1.76875  0.73095  1.7 
 1.76735  0.72875  1.7 
 1.76625  0.726389  1.7 
 1.76616  0.72625  1.7 
 1.76461  0.72375  1.7 
 1.76375  0.721885  1.7 
 1.76335  0.72125  1.7 
 1.76191  0.71875  1.7 
 1.76125  0.717321  1.7 
 1.76058  0.71625  1.7 
 1.75923  0.71375  1.7 
 1.75875  0.71272  1.7 
 1.75782  0.71125  1.7 
 1.75655  0.70875  1.7 
 1.75625  0.708136  1.7 
 1.75505  0.70625  1.7 
 1.75383  0.70375  1.7 
 1.75375  0.703608  1.7 
 1.75228  0.70125  1.7 
 1.75125  0.699174  1.7 
 1.75104  0.69875  1.7 
 1.74983  0.69625  1.7 
 1.74887  0.69375  1.7 
 1.74875  0.693396  1.7 
 1.74825  0.69125  1.7 
 1.74787  0.68875  1.7 
 1.74761  0.68625  1.7 
 1.74738  0.68375  1.7 
 1.74717  0.68125  1.7 
 1.74696  0.67875  1.7 
 1.74674  0.67625  1.7 
 1.7465  0.67375  1.7 
 1.74626  0.67125  1.7 
 1.74625  0.671193  1.7 
 1.74609  0.66875  1.7 
 1.74594  0.66625  1.7 
 1.74579  0.66375  1.7 
 1.74565  0.66125  1.7 
 1.7455  0.65875  1.7 
 1.74535  0.65625  1.7 
 1.7452  0.65375  1.7 
 1.74504  0.65125  1.7 
 1.74487  0.64875  1.7 
 1.7447  0.64625  1.7 
 1.74451  0.64375  1.7 
 1.74433  0.64125  1.7 

# Contour 33, label: 
 1.8764  0.99875  1.7 
 1.87641  0.99625  1.7 
 1.87641  0.99375  1.7 
 1.87642  0.99125  1.7 
 1.87644  0.98875  1.7 
 1.87645  0.98625  1.7 
 1.87647  0.98375  1.7 
 1.8765  0.98125  1.7 
 1.87652  0.97875  1.7 
 1.87655  0.97625  1.7 
 1.87658  0.97375  1.7 
 1.87661  0.97125  1.7 
 1.87664  0.96875  1.7 
 1.87668  0.96625  1.7 
 1.87671  0.96375  1.7 
 1.87675  0.96125  1.7 
 1.87679  0.95875  1.7 
 1.87683  0.95625  1.7 
 1.87687  0.95375  1.7 
 1.87692  0.95125  1.7 
 1.87696  0.94875  1.7 
 1.87702  0.94625  1.7 
 1.87707  0.94375  1.7 
 1.87712  0.94125  1.7 
 1.87717  0.93875  1.7 
 1.8772  0.93625  1.7 
 1.87722  0.93375  1.7 
 1.87722  0.93125  1.7 
 1.87719  0.92875  1.7 
 1.87712  0.92625  1.7 
 1.87699  0.92375  1.7 
 1.8768  0.92125  1.7 
 1.87652  0.91875  1.7 
 1.87625  0.916854  1.7 
 1.87615  0.91625  1.7 
 1.8756  0.91375  1.7 
 1.87493  0.91125  1.7 
 1.87419  0.90875  1.7 
 1.87375  0.907452  1.7 
 1.8733  0.90625  1.7 
 1.87225  0.90375  1.7 
 1.87126  0.90125  1.7 
 1.87125  0.901232  1.7 
 1.86996  0.89875  1.7 
 1.86881  0.89625  1.7 
 1.86875  0.896141  1.7 
 1.86736  0.89375  1.7 
 1.86625  0.891547  1.7 
 1.86608  0.89125  1.7 
 1.86455  0.88875  1.7 
 1.86375  0.887277  1.7 
 1.86311  0.88625  1.7 
 1.86163  0.88375  1.7 
 1.86125  0.883097  1.7 
 1.86004  0.88125  1.7 
 1.85875  0.878981  1.7 
 1.8586  0.87875  1.7 
 1.85694  0.87625  1.7 
 1.85625  0.875089  1.7 
 1.85535  0.87375  1.7 
 1.85386  0.87125  1.7 
 1.85375  0.871074  1.7 
 1.85214  0.86875  1.7 
 1.85125  0.867258  1.7 
 1.85056  0.86625  1.7 
 1.849  0.86375  1.7 
 1.84875  0.863341  1.7 
 1.84729  0.86125  1.7 
 1.84625  0.859506  1.7 
 1.84573  0.85875  1.7 
 1.84412  0.85625  1.7 
 1.84375  0.855646  1.7 
 1.84243  0.85375  1.7 
 1.84125  0.851769  1.7 
 1.84089  0.85125  1.7 
 1.83924  0.84875  1.7 
 1.83875  0.847937  1.7 
 1.83758  0.84625  1.7 
 1.83625  0.84398  1.7 
 1.83609  0.84375  1.7 
 1.83439  0.84125  1.7 
 1.83375  0.840159  1.7 
 1.83278  0.83875  1.7 
 1.83132  0.83625  1.7 
 1.83125  0.836129  1.7 
 1.82961  0.83375  1.7 
 1.82875  0.832248  1.7 
 1.82807  0.83125  1.7 
 1.82656  0.82875  1.7 
 1.82625  0.828211  1.7 
 1.82492  0.82625  1.7 
 1.82375  0.824125  1.7 
 1.8235  0.82375  1.7 
 1.82189  0.82125  1.7 
 1.82125  0.820082  1.7 
 1.82037  0.81875  1.7 
 1.81895  0.81625  1.7 
 1.81875  0.815878  1.7 
 1.81735  0.81375  1.7 


# Contour 34, label:      1.6
 1.73968  0.55125  1.6 
 1.73962  0.54875  1.6 
 1.73956  0.54625  1.6 
 1.73951  0.54375  1.6 
 1.73945  0.54125  1.6 
 1.7394  0.53875  1.6 
 1.73935  0.53625  1.6 
 1.7393  0.53375  1.6 
 1.73926  0.53125  1.6 
 1.73922  0.52875  1.6 
 1.73918  0.52625  1.6 
 1.73915  0.52375  1.6 
 1.73911  0.52125  1.6 
 1.73908  0.51875  1.6 
 1.73906  0.51625  1.6 
 1.73904  0.51375  1.6 
 1.73902  0.51125  1.6 
 1.739  0.50875  1.6 
 1.73899  0.50625  1.6 
 1.73898  0.50375  1.6 
 1.73898  0.50125  1.6 

# Contour 35, label: 
 1.77159  0.76375  1.6 
 1.77144  0.76125  1.6 
 1.77125  0.759267  1.6 
 1.7712  0.75875  1.6 
 1.77077  0.75625  1.6 
 1.77022  0.75375  1.6 
 1.76959  0.75125  1.6 
 1.76896  0.74875  1.6 
 1.76875  0.748051  1.6 
 1.76809  0.74625  1.6 
 1.76715  0.74375  1.6 
 1.76634  0.74125  1.6 
 1.76625  0.740997  1.6 
 1.76519  0.73875  1.6 
 1.76418  0.73625  1.6 
 1.76375  0.735049  1.6 
 1.76311  0.73375  1.6 
 1.76194  0.73125  1.6 
 1.76125  0.729363  1.6 
 1.76094  0.72875  1.6 
 1.75964  0.72625  1.6 
 1.75875  0.723835  1.6 
 1.75871  0.72375  1.6 
 1.75731  0.72125  1.6 
 1.75633  0.71875  1.6 
 1.75625  0.718537  1.6 
 1.75499  0.71625  1.6 
 1.75397  0.71375  1.6 
 1.75375  0.713184  1.6 
 1.75283  0.71125  1.6 
 1.75183  0.70875  1.6 
 1.75125  0.707042  1.6 
 1.75101  0.70625  1.6 
 1.75015  0.70375  1.6 
 1.74944  0.70125  1.6 
 1.7488  0.69875  1.6 
 1.74875  0.698596  1.6 
 1.74813  0.69625  1.6 
 1.74756  0.69375  1.6 
 1.74718  0.69125  1.6 
 1.74695  0.68875  1.6 
 1.74677  0.68625  1.6 
 1.74658  0.68375  1.6 
 1.74637  0.68125  1.6 
 1.74625  0.679862  1.6 
 1.74617  0.67875  1.6 
 1.746  0.67625  1.6 
 1.74584  0.67375  1.6 
 1.74568  0.67125  1.6 
 1.74553  0.66875  1.6 
 1.74538  0.66625  1.6 
 1.74522  0.66375  1.6 
 1.74507  0.66125  1.6 
 1.74491  0.65875  1.6 
 1.74475  0.65625  1.6 
 1.74458  0.65375  1.6 
 1.74439  0.65125  1.6 
 1.74421  0.64875  1.6 
 1.744  0.64625  1.6 
 1.74379  0.64375  1.6 
 1.74375  0.643244  1.6 
 1.74361  0.64125  1.6 
 1.74345  0.63875  1.6 
 1.74331  0.63625  1.6 
 1.74317  0.63375  1.6 
 1.74303  0.63125  1.6 
 1.7429  0.62875  1.6 
 1.74277  0.62625  1.6 
 1.74265  0.62375  1.6 
 1.74252  0.62125  1.6 
 1.74239  0.61875  1.6 
 1.74226  0.61625  1.6 
 1.74213  0.61375  1.6 
 1.74199  0.61125  1.6 
 1.74185  0.60875  1.6 
 1.74171  0.60625  1.6 
 1.74156  0.60375  1.6 
 1.7414  0.60125  1.6 
 1.74125  0.598772  1.6 
 1.74125  0.59875  1.6 
 1.74113  0.59625  1.6 
 1.74101  0.59375  1.6 
 1.7409  0.59125  1.6 
 1.7408  0.58875  1.6 
 1.74071  0.58625  1.6 
 1.74062  0.58375  1.6 
 1.74053  0.58125  1.6 
 1.74045  0.57875  1.6 
 1.74037  0.57625  1.6 
 1.74029  0.57375  1.6 
 1.74022  0.57125  1.6 
 1.74014  0.56875  1.6 
 1.74007  0.56625  1.6 
 1.74  0.56375  1.6 
 1.73994  0.56125  1.6 
 1.73987  0.55875  1.6 
 1.73981  0.55625  1.6 
 1.73974  0.55375  1.6 
 1.73968  0.55125  1.6 

# Contour 36, label: 
 1.76254  0.99875  1.6 
 1.76254  0.99625  1.6 
 1.76256  0.99375  1.6 
 1.76256  0.99125  1.6 
 1.76258  0.98875  1.6 
 1.76259  0.98625  1.6 
 1.76261  0.98375  1.6 
 1.76263  0.98125  1.6 
 1.76266  0.97875  1.6 
 1.76268  0.97625  1.6 
 1.76272  0.97375  1.6 
 1.76276  0.97125  1.6 
 1.7628  0.96875  1.6 
 1.76283  0.96625  1.6 
 1.76288  0.96375  1.6 
 1.76293  0.96125  1.6 
 1.76298  0.95875  1.6 
 1.76303  0.95625  1.6 
 1.76309  0.95375  1.6 
 1.76315  0.95125  1.6 
 1.76321  0.94875  1.6 
 1.76327  0.94625  1.6 
 1.76335  0.94375  1.6 
 1.76341  0.94125  1.6 
 1.76349  0.93875  1.6 
 1.76356  0.93625  1.6 
 1.76364  0.93375  1.6 
 1.76371  0.93125  1.6 
 1.76375  0.93  1.6 
 1.76379  0.92875  1.6 
 1.76386  0.92625  1.6 
 1.76395  0.92375  1.6 
 1.76403  0.92125  1.6 
 1.76411  0.91875  1.6 
 1.7642  0.91625  1.6 
 1.76429  0.91375  1.6 
 1.76438  0.91125  1.6 
 1.76447  0.90875  1.6 
 1.76455  0.90625  1.6 
 1.76464  0.90375  1.6 
 1.76473  0.90125  1.6 
 1.76482  0.89875  1.6 
 1.76492  0.89625  1.6 
 1.76501  0.89375  1.6 
 1.76511  0.89125  1.6 
 1.76521  0.88875  1.6 
 1.76531  0.88625  1.6 
 1.76541  0.88375  1.6 
 1.76551  0.88125  1.6 
 1.76561  0.87875  1.6 
 1.76571  0.87625  1.6 
 1.76581  0.87375  1.6 
 1.76593  0.87125  1.6 
 1.76604  0.86875  1.6 
 1.76615  0.86625  1.6 
 1.76625  0.864028  1.6 
 1.76626  0.86375  1.6 
 1.76637  0.86125  1.6 
 1.7665  0.85875  1.6 
 1.76661  0.85625  1.6 
 1.76673  0.85375  1.6 
 1.76686  0.85125  1.6 
 1.76698  0.84875  1.6 
 1.76712  0.84625  1.6 
 1.76725  0.84375  1.6 
 1.76738  0.84125  1.6 
 1.76751  0.83875  1.6 
 1.76765  0.83625  1.6 
 1.76779  0.83375  1.6 
 1.76794  0.83125  1.6 
 1.76808  0.82875  1.6 
 1.76824  0.82625  1.6 
 1.76838  0.82375  1.6 
 1.76853  0.82125  1.6 
 1.76868  0.81875  1.6 
 1.76875  0.817596  1.6 
 1.76884  0.81625  1.6 
 1.76899  0.81375  1.6 
 1.76915  0.81125  1.6 
 1.76931  0.80875  1.6 
 1.76947  0.80625  1.6 
 1.76963  0.80375  1.6 
 1.76979  0.80125  1.6 
 1.76995  0.79875  1.6 
 1.77011  0.79625  1.6 
 1.77027  0.79375  1.6 
 1.77042  0.79125  1.6 
 1.77058  0.78875  1.6 
 1.77074  0.78625  1.6 
 1.77089  0.78375  1.6 
 1.77104  0.78125  1.6 
 1.77119  0.77875  1.6 
 1.77125  0.777708  1.6 
 1.77133  0.77625  1.6 
 1.77146  0.77375  1.6 
 1.77157  0.77125  1.6 
 1.77163  0.76875  1.6 
 1.77165  0.76625  1.6 
 1.77159  0.76375  1.6 


# Contour 37, label:      1.5
 1.73915  0.55375  1.5 
 1.73908  0.55125  1.5 
 1.73902  0.54875  1.5 
 1.73895  0.54625  1.5 
 1.73889  0.54375  1.5 
 1.73883  0.54125  1.5 
 1.73877  0.53875  1.5 
 1.73875  0.537767  1.5 
 1.73871  0.53625  1.5 
 1.73866  0.53375  1.5 
 1.73861  0.53125  1.5 
 1.73857  0.52875  1.5 
 1.73853  0.52625  1.5 
 1.73849  0.52375  1.5 
 1.73846  0.52125  1.5 
 1.73844  0.51875  1.5 
 1.73841  0.51625  1.5 
 1.73839  0.51375  1.5 
 1.73838  0.51125  1.5 
 1.73836  0.50875  1.5 
 1.73835  0.50625  1.5 
 1.73835  0.50375  1.5 
 1.73834  0.50125  1.5 

# Contour 38, label: 
 1.73088  0.77375  1.5 
 1.73119  0.77125  1.5 
 1.73125  0.7708  1.5 
 1.73175  0.76875  1.5 
 1.73229  0.76625  1.5 
 1.73276  0.76375  1.5 
 1.73317  0.76125  1.5 
 1.73352  0.75875  1.5 
 1.73375  0.757055  1.5 
 1.73396  0.75625  1.5 
 1.73457  0.75375  1.5 
 1.7351  0.75125  1.5 
 1.73555  0.74875  1.5 
 1.73594  0.74625  1.5 
 1.73625  0.744008  1.5 
 1.73632  0.74375  1.5 
 1.73699  0.74125  1.5 
 1.73755  0.73875  1.5 
 1.73803  0.73625  1.5 
 1.73844  0.73375  1.5 
 1.73875  0.731617  1.5 
 1.73885  0.73125  1.5 
 1.73954  0.72875  1.5 
 1.74013  0.72625  1.5 
 1.74062  0.72375  1.5 
 1.74104  0.72125  1.5 
 1.74125  0.719925  1.5 
 1.74161  0.71875  1.5 
 1.74232  0.71625  1.5 
 1.74292  0.71375  1.5 
 1.74345  0.71125  1.5 
 1.74375  0.709696  1.5 
 1.74409  0.70875  1.5 
 1.74493  0.70625  1.5 
 1.74558  0.70375  1.5 
 1.74606  0.70125  1.5 
 1.74625  0.699778  1.5 
 1.74638  0.69875  1.5 
 1.74643  0.69625  1.5 
 1.74627  0.69375  1.5 
 1.74625  0.693482  1.5 
 1.74614  0.69125  1.5 
 1.74606  0.68875  1.5 
 1.74597  0.68625  1.5 
 1.74585  0.68375  1.5 
 1.74571  0.68125  1.5 
 1.74556  0.67875  1.5 
 1.74541  0.67625  1.5 
 1.74526  0.67375  1.5 
 1.74511  0.67125  1.5 
 1.74496  0.66875  1.5 
 1.74481  0.66625  1.5 
 1.74465  0.66375  1.5 
 1.74449  0.66125  1.5 
 1.74432  0.65875  1.5 
 1.74415  0.65625  1.5 
 1.74396  0.65375  1.5 
 1.74375  0.65125  1.5 
 1.74375  0.651217  1.5 
 1.74355  0.64875  1.5 
 1.74336  0.64625  1.5 
 1.74319  0.64375  1.5 
 1.74303  0.64125  1.5 
 1.74288  0.63875  1.5 
 1.74274  0.63625  1.5 
 1.74261  0.63375  1.5 
 1.74248  0.63125  1.5 
 1.74235  0.62875  1.5 
 1.74221  0.62625  1.5 
 1.74208  0.62375  1.5 
 1.74195  0.62125  1.5 
 1.74181  0.61875  1.5 
 1.74167  0.61625  1.5 
 1.74152  0.61375  1.5 
 1.74137  0.61125  1.5 
 1.74125  0.609355  1.5 
 1.74121  0.60875  1.5 
 1.74105  0.60625  1.5 
 1.74091  0.60375  1.5 
 1.74078  0.60125  1.5 
 1.74066  0.59875  1.5 
 1.74055  0.59625  1.5 
 1.74044  0.59375  1.5 
 1.74034  0.59125  1.5 
 1.74024  0.58875  1.5 
 1.74015  0.58625  1.5 
 1.74007  0.58375  1.5 
 1.73998  0.58125  1.5 
 1.7399  0.57875  1.5 
 1.73982  0.57625  1.5 
 1.73974  0.57375  1.5 
 1.73966  0.57125  1.5 
 1.73958  0.56875  1.5 
 1.73951  0.56625  1.5 
 1.73943  0.56375  1.5 
 1.73936  0.56125  1.5 
 1.73929  0.55875  1.5 
 1.73922  0.55625  1.5 
 1.73915  0.55375  1.5 

# Contour 39, label: 
 1.71108  0.99875  1.5 
 1.71109  0.99625  1.5 
 1.7111  0.99375  1.5 
 1.71111  0.99125  1.5 
 1.71112  0.98875  1.5 
 1.71114  0.98625  1.5 
 1.71116  0.98375  1.5 
 1.71118  0.98125  1.5 
 1.7112  0.97875  1.5 
 1.71123  0.97625  1.5 
 1.71125  0.975  1.5 
 1.71129  0.97375  1.5 
 1.71137  0.97125  1.5 
 1.71145  0.96875  1.5 
 1.71153  0.96625  1.5 
 1.71163  0.96375  1.5 
 1.71172  0.96125  1.5 
 1.71183  0.95875  1.5 
 1.71193  0.95625  1.5 
 1.71203  0.95375  1.5 
 1.71214  0.95125  1.5 
 1.71226  0.94875  1.5 
 1.71237  0.94625  1.5 
 1.71248  0.94375  1.5 
 1.7126  0.94125  1.5 
 1.71271  0.93875  1.5 
 1.71283  0.93625  1.5 
 1.71295  0.93375  1.5 
 1.71306  0.93125  1.5 
 1.71318  0.92875  1.5 
 1.71329  0.92625  1.5 
 1.7134  0.92375  1.5 
 1.71351  0.92125  1.5 
 1.71362  0.91875  1.5 
 1.71373  0.91625  1.5 
 1.71375  0.915817  1.5 
 1.71394  0.91375  1.5 
 1.71418  0.91125  1.5 
 1.7144  0.90875  1.5 
 1.71462  0.90625  1.5 
 1.71483  0.90375  1.5 
 1.71503  0.90125  1.5 
 1.71522  0.89875  1.5 
 1.71541  0.89625  1.5 
 1.71559  0.89375  1.5 
 1.71576  0.89125  1.5 
 1.71593  0.88875  1.5 
 1.71608  0.88625  1.5 
 1.71623  0.88375  1.5 
 1.71625  0.883506  1.5 
 1.71654  0.88125  1.5 
 1.71685  0.87875  1.5 
 1.71714  0.87625  1.5 
 1.71741  0.87375  1.5 
 1.71766  0.87125  1.5 
 1.7179  0.86875  1.5 
 1.71813  0.86625  1.5 
 1.71834  0.86375  1.5 
 1.71853  0.86125  1.5 
 1.71872  0.85875  1.5 
 1.71875  0.858372  1.5 
 1.71908  0.85625  1.5 
 1.71944  0.85375  1.5 
 1.71978  0.85125  1.5 
 1.72009  0.84875  1.5 
 1.72037  0.84625  1.5 
 1.72064  0.84375  1.5 
 1.72088  0.84125  1.5 
 1.7211  0.83875  1.5 
 1.72125  0.837062  1.5 
 1.72139  0.83625  1.5 
 1.72182  0.83375  1.5 
 1.72221  0.83125  1.5 
 1.72257  0.82875  1.5 
 1.72289  0.82625  1.5 
 1.72318  0.82375  1.5 
 1.72345  0.82125  1.5 
 1.72369  0.81875  1.5 
 1.72375  0.818189  1.5 
 1.72413  0.81625  1.5 
 1.72458  0.81375  1.5 
 1.72499  0.81125  1.5 
 1.72535  0.80875  1.5 
 1.72568  0.80625  1.5 
 1.72597  0.80375  1.5 
 1.72624  0.80125  1.5 
 1.72625  0.801129  1.5 
 1.72676  0.79875  1.5 
 1.72724  0.79625  1.5 
 1.72766  0.79375  1.5 
 1.72803  0.79125  1.5 
 1.72836  0.78875  1.5 
 1.72866  0.78625  1.5 
 1.72875  0.785445  1.5 
 1.72914  0.78375  1.5 
 1.72966  0.78125  1.5 
 1.73012  0.77875  1.5 
 1.73052  0.77625  1.5 
 1.73088  0.77375  1.5 


# Contour 40, label:      1.4
 1.73851  0.55375  1.4 
 1.73842  0.55125  1.4 
 1.73835  0.54875  1.4 
 1.73828  0.54625  1.4 
 1.73821  0.54375  1.4 
 1.73815  0.54125  1.4 
 1.7381  0.53875  1.4 
 1.73805  0.53625  1.4 
 1.738  0.53375  1.4 
 1.73796  0.53125  1.4 
 1.73792  0.52875  1.4 
 1.73789  0.52625  1.4 
 1.73786  0.52375  1.4 
 1.73783  0.52125  1.4 
 1.73781  0.51875  1.4 
 1.73779  0.51625  1.4 
 1.73777  0.51375  1.4 
 1.73776  0.51125  1.4 
 1.73775  0.50875  1.4 
 1.73774  0.50625  1.4 
 1.73773  0.50375  1.4 
 1.73773  0.50125  1.4 

# Contour 41, label: 
 1.72831  0.77375  1.4 
 1.72867  0.77125  1.4 
 1.72875  0.770667  1.4 
 1.72919  0.76875  1.4 
 1.72972  0.76625  1.4 
 1.73019  0.76375  1.4 
 1.73061  0.76125  1.4 
 1.731  0.75875  1.4 
 1.73125  0.757115  1.4 
 1.73146  0.75625  1.4 
 1.73204  0.75375  1.4 
 1.73256  0.75125  1.4 
 1.73302  0.74875  1.4 
 1.73343  0.74625  1.4 
 1.73375  0.744256  1.4 
 1.73388  0.74375  1.4 
 1.7345  0.74125  1.4 
 1.73504  0.73875  1.4 
 1.73553  0.73625  1.4 
 1.73596  0.73375  1.4 
 1.73625  0.73203  1.4 
 1.73646  0.73125  1.4 
 1.7371  0.72875  1.4 
 1.73765  0.72625  1.4 
 1.73814  0.72375  1.4 
 1.73859  0.72125  1.4 
 1.73875  0.72034  1.4 
 1.7392  0.71875  1.4 
 1.73984  0.71625  1.4 
 1.7404  0.71375  1.4 
 1.7409  0.71125  1.4 
 1.74125  0.709476  1.4 
 1.74148  0.70875  1.4 
 1.74225  0.70625  1.4 
 1.74294  0.70375  1.4 
 1.74357  0.70125  1.4 
 1.74375  0.700521  1.4 
 1.74432  0.69875  1.4 
 1.74488  0.69625  1.4 
 1.74514  0.69375  1.4 
 1.74525  0.69125  1.4 
 1.74528  0.68875  1.4 
 1.74525  0.68625  1.4 
 1.74517  0.68375  1.4 
 1.74507  0.68125  1.4 
 1.74495  0.67875  1.4 
 1.74482  0.67625  1.4 
 1.74468  0.67375  1.4 
 1.74454  0.67125  1.4 
 1.7444  0.66875  1.4 
 1.74424  0.66625  1.4 
 1.74408  0.66375  1.4 
 1.74392  0.66125  1.4 
 1.74375  0.658942  1.4 
 1.74373  0.65875  1.4 
 1.74349  0.65625  1.4 
 1.74327  0.65375  1.4 
 1.74308  0.65125  1.4 
 1.7429  0.64875  1.4 
 1.74274  0.64625  1.4 
 1.74259  0.64375  1.4 
 1.74245  0.64125  1.4 
 1.74231  0.63875  1.4 
 1.74218  0.63625  1.4 
 1.74205  0.63375  1.4 
 1.74192  0.63125  1.4 
 1.74179  0.62875  1.4 
 1.74166  0.62625  1.4 
 1.74152  0.62375  1.4 
 1.74138  0.62125  1.4 
 1.74125  0.619066  1.4 
 1.74122  0.61875  1.4 
 1.74103  0.61625  1.4 
 1.74085  0.61375  1.4 
 1.74069  0.61125  1.4 
 1.74054  0.60875  1.4 
 1.74041  0.60625  1.4 
 1.74029  0.60375  1.4 
 1.74017  0.60125  1.4 
 1.74007  0.59875  1.4 
 1.73996  0.59625  1.4 
 1.73987  0.59375  1.4 
 1.73978  0.59125  1.4 
 1.73969  0.58875  1.4 
 1.7396  0.58625  1.4 
 1.73951  0.58375  1.4 
 1.73943  0.58125  1.4 
 1.73935  0.57875  1.4 
 1.73926  0.57625  1.4 
 1.73918  0.57375  1.4 
 1.7391  0.57125  1.4 
 1.73902  0.56875  1.4 
 1.73894  0.56625  1.4 
 1.73887  0.56375  1.4 
 1.73879  0.56125  1.4 
 1.73875  0.559959  1.4 
 1.7387  0.55875  1.4 
 1.7386  0.55625  1.4 
 1.73851  0.55375  1.4 

# Contour 42, label: 
 1.70832  0.99875  1.4 
 1.70832  0.99625  1.4 
 1.70833  0.99375  1.4 
 1.70834  0.99125  1.4 
 1.70836  0.98875  1.4 
 1.70838  0.98625  1.4 
 1.70841  0.98375  1.4 
 1.70843  0.98125  1.4 
 1.70847  0.97875  1.4 
 1.7085  0.97625  1.4 
 1.70854  0.97375  1.4 
 1.70858  0.97125  1.4 
 1.70863  0.96875  1.4 
 1.70868  0.96625  1.4 
 1.70873  0.96375  1.4 
 1.70875  0.962829  1.4 
 1.70881  0.96125  1.4 
 1.70892  0.95875  1.4 
 1.70902  0.95625  1.4 
 1.70914  0.95375  1.4 
 1.70925  0.95125  1.4 
 1.70937  0.94875  1.4 
 1.70949  0.94625  1.4 
 1.70961  0.94375  1.4 
 1.70973  0.94125  1.4 
 1.70986  0.93875  1.4 
 1.70998  0.93625  1.4 
 1.71011  0.93375  1.4 
 1.71024  0.93125  1.4 
 1.71037  0.92875  1.4 
 1.7105  0.92625  1.4 
 1.71063  0.92375  1.4 
 1.71076  0.92125  1.4 
 1.71089  0.91875  1.4 
 1.71102  0.91625  1.4 
 1.71115  0.91375  1.4 
 1.71125  0.911791  1.4 
 1.7113  0.91125  1.4 
 1.71153  0.90875  1.4 
 1.71176  0.90625  1.4 
 1.71198  0.90375  1.4 
 1.71219  0.90125  1.4 
 1.7124  0.89875  1.4 
 1.7126  0.89625  1.4 
 1.7128  0.89375  1.4 
 1.71299  0.89125  1.4 
 1.71318  0.88875  1.4 
 1.71337  0.88625  1.4 
 1.71355  0.88375  1.4 
 1.71373  0.88125  1.4 
 1.71375  0.880915  1.4 
 1.71402  0.87875  1.4 
 1.71432  0.87625  1.4 
 1.7146  0.87375  1.4 
 1.71487  0.87125  1.4 
 1.71513  0.86875  1.4 
 1.71537  0.86625  1.4 
 1.71561  0.86375  1.4 
 1.71584  0.86125  1.4 
 1.71606  0.85875  1.4 
 1.71625  0.856529  1.4 
 1.71629  0.85625  1.4 
 1.71666  0.85375  1.4 
 1.717  0.85125  1.4 
 1.71733  0.84875  1.4 
 1.71763  0.84625  1.4 
 1.71792  0.84375  1.4 
 1.71819  0.84125  1.4 
 1.71845  0.83875  1.4 
 1.7187  0.83625  1.4 
 1.71875  0.835737  1.4 
 1.71908  0.83375  1.4 
 1.71948  0.83125  1.4 
 1.71985  0.82875  1.4 
 1.72019  0.82625  1.4 
 1.7205  0.82375  1.4 
 1.7208  0.82125  1.4 
 1.72109  0.81875  1.4 
 1.72125  0.817297  1.4 
 1.72144  0.81625  1.4 
 1.72189  0.81375  1.4 
 1.7223  0.81125  1.4 
 1.72268  0.80875  1.4 
 1.72303  0.80625  1.4 
 1.72335  0.80375  1.4 
 1.72366  0.80125  1.4 
 1.72375  0.800535  1.4 
 1.72411  0.79875  1.4 
 1.72458  0.79625  1.4 
 1.72501  0.79375  1.4 
 1.7254  0.79125  1.4 
 1.72576  0.78875  1.4 
 1.72609  0.78625  1.4 
 1.72625  0.785091  1.4 
 1.72654  0.78375  1.4 
 1.72705  0.78125  1.4 
 1.72751  0.77875  1.4 
 1.72793  0.77625  1.4 
 1.72831  0.77375  1.4 


# Contour 43, label:      1.3
 1.73774  0.55375  1.3 
 1.73768  0.55125  1.3 
 1.73762  0.54875  1.3 
 1.73756  0.54625  1.3 
 1.73751  0.54375  1.3 
 1.73746  0.54125  1.3 
 1.73742  0.53875  1.3 
 1.73738  0.53625  1.3 
 1.73734  0.53375  1.3 
 1.73731  0.53125  1.3 
 1.73728  0.52875  1.3 
 1.73725  0.52625  1.3 
 1.73722  0.52375  1.3 
 1.7372  0.52125  1.3 
 1.73718  0.51875  1.3 
 1.73717  0.51625  1.3 
 1.73715  0.51375  1.3 
 1.73714  0.51125  1.3 
 1.73713  0.50875  1.3 
 1.73712  0.50625  1.3 
 1.73712  0.50375  1.3 
 1.73711  0.50125  1.3 

# Contour 44, label: 
 1.72675  0.77375  1.3 
 1.72723  0.77125  1.3 
 1.72765  0.76875  1.3 
 1.72806  0.76625  1.3 
 1.72848  0.76375  1.3 
 1.72875  0.76231  1.3 
 1.72899  0.76125  1.3 
 1.72953  0.75875  1.3 
 1.73  0.75625  1.3 
 1.73043  0.75375  1.3 
 1.73086  0.75125  1.3 
 1.73125  0.749251  1.3 
 1.73137  0.74875  1.3 
 1.73195  0.74625  1.3 
 1.73245  0.74375  1.3 
 1.7329  0.74125  1.3 
 1.73336  0.73875  1.3 
 1.73375  0.736848  1.3 
 1.7339  0.73625  1.3 
 1.7345  0.73375  1.3 
 1.73501  0.73125  1.3 
 1.73549  0.72875  1.3 
 1.73597  0.72625  1.3 
 1.73625  0.724998  1.3 
 1.73658  0.72375  1.3 
 1.73717  0.72125  1.3 
 1.73769  0.71875  1.3 
 1.73818  0.71625  1.3 
 1.73872  0.71375  1.3 
 1.73875  0.713638  1.3 
 1.7394  0.71125  1.3 
 1.74  0.70875  1.3 
 1.74055  0.70625  1.3 
 1.74116  0.70375  1.3 
 1.74125  0.703426  1.3 
 1.74197  0.70125  1.3 
 1.74271  0.69875  1.3 
 1.74339  0.69625  1.3 
 1.74375  0.694953  1.3 
 1.74402  0.69375  1.3 
 1.74435  0.69125  1.3 
 1.74449  0.68875  1.3 
 1.74452  0.68625  1.3 
 1.74449  0.68375  1.3 
 1.74443  0.68125  1.3 
 1.74433  0.67875  1.3 
 1.74423  0.67625  1.3 
 1.7441  0.67375  1.3 
 1.74397  0.67125  1.3 
 1.74383  0.66875  1.3 
 1.74375  0.667436  1.3 
 1.74362  0.66625  1.3 
 1.74336  0.66375  1.3 
 1.74313  0.66125  1.3 
 1.74292  0.65875  1.3 
 1.74273  0.65625  1.3 
 1.74256  0.65375  1.3 
 1.7424  0.65125  1.3 
 1.74226  0.64875  1.3 
 1.74212  0.64625  1.3 
 1.74199  0.64375  1.3 
 1.74187  0.64125  1.3 
 1.74175  0.63875  1.3 
 1.74162  0.63625  1.3 
 1.7415  0.63375  1.3 
 1.74137  0.63125  1.3 
 1.74125  0.629021  1.3 
 1.74122  0.62875  1.3 
 1.74098  0.62625  1.3 
 1.74077  0.62375  1.3 
 1.74058  0.62125  1.3 
 1.74041  0.61875  1.3 
 1.74026  0.61625  1.3 
 1.74012  0.61375  1.3 
 1.73999  0.61125  1.3 
 1.73987  0.60875  1.3 
 1.73976  0.60625  1.3 
 1.73966  0.60375  1.3 
 1.73957  0.60125  1.3 
 1.73947  0.59875  1.3 
 1.73938  0.59625  1.3 
 1.7393  0.59375  1.3 
 1.73921  0.59125  1.3 
 1.73913  0.58875  1.3 
 1.73904  0.58625  1.3 
 1.73896  0.58375  1.3 
 1.73888  0.58125  1.3 
 1.73879  0.57875  1.3 
 1.73875  0.577419  1.3 
 1.73868  0.57625  1.3 
 1.73853  0.57375  1.3 
 1.7384  0.57125  1.3 
 1.73828  0.56875  1.3 
 1.73817  0.56625  1.3 
 1.73807  0.56375  1.3 
 1.73798  0.56125  1.3 
 1.73789  0.55875  1.3 
 1.73782  0.55625  1.3 
 1.73774  0.55375  1.3 

# Contour 45, label: 
 1.70666  0.99875  1.3 
 1.70667  0.99625  1.3 
 1.70668  0.99375  1.3 
 1.70669  0.99125  1.3 
 1.70672  0.98875  1.3 
 1.70675  0.98625  1.3 
 1.70678  0.98375  1.3 
 1.70682  0.98125  1.3 
 1.70686  0.97875  1.3 
 1.70691  0.97625  1.3 
 1.70696  0.97375  1.3 
 1.70702  0.97125  1.3 
 1.70708  0.96875  1.3 
 1.70715  0.96625  1.3 
 1.70722  0.96375  1.3 
 1.70729  0.96125  1.3 
 1.70737  0.95875  1.3 
 1.70745  0.95625  1.3 
 1.70753  0.95375  1.3 
 1.70762  0.95125  1.3 
 1.70771  0.94875  1.3 
 1.7078  0.94625  1.3 
 1.7079  0.94375  1.3 
 1.708  0.94125  1.3 
 1.7081  0.93875  1.3 
 1.70821  0.93625  1.3 
 1.70833  0.93375  1.3 
 1.70845  0.93125  1.3 
 1.70858  0.92875  1.3 
 1.70872  0.92625  1.3 
 1.70875  0.925675  1.3 
 1.70889  0.92375  1.3 
 1.70908  0.92125  1.3 
 1.70926  0.91875  1.3 
 1.70944  0.91625  1.3 
 1.70962  0.91375  1.3 
 1.70979  0.91125  1.3 
 1.70996  0.90875  1.3 
 1.71013  0.90625  1.3 
 1.7103  0.90375  1.3 
 1.71047  0.90125  1.3 
 1.71064  0.89875  1.3 
 1.71082  0.89625  1.3 
 1.71102  0.89375  1.3 
 1.71122  0.89125  1.3 
 1.71125  0.890924  1.3 
 1.71148  0.88875  1.3 
 1.71174  0.88625  1.3 
 1.712  0.88375  1.3 
 1.71224  0.88125  1.3 
 1.71247  0.87875  1.3 
 1.71269  0.87625  1.3 
 1.71291  0.87375  1.3 
 1.71313  0.87125  1.3 
 1.71336  0.86875  1.3 
 1.7136  0.86625  1.3 
 1.71375  0.864844  1.3 
 1.71389  0.86375  1.3 
 1.71422  0.86125  1.3 
 1.71452  0.85875  1.3 
 1.71481  0.85625  1.3 
 1.71508  0.85375  1.3 
 1.71534  0.85125  1.3 
 1.7156  0.84875  1.3 
 1.71587  0.84625  1.3 
 1.71616  0.84375  1.3 
 1.71625  0.843031  1.3 
 1.71652  0.84125  1.3 
 1.71688  0.83875  1.3 
 1.71722  0.83625  1.3 
 1.71753  0.83375  1.3 
 1.71783  0.83125  1.3 
 1.71813  0.82875  1.3 
 1.71843  0.82625  1.3 
 1.71875  0.823893  1.3 
 1.71877  0.82375  1.3 
 1.7192  0.82125  1.3 
 1.71959  0.81875  1.3 
 1.71994  0.81625  1.3 
 1.72027  0.81375  1.3 
 1.7206  0.81125  1.3 
 1.72094  0.80875  1.3 
 1.72125  0.80665  1.3 
 1.72132  0.80625  1.3 
 1.72178  0.80375  1.3 
 1.7222  0.80125  1.3 
 1.72257  0.79875  1.3 
 1.72293  0.79625  1.3 
 1.72329  0.79375  1.3 
 1.72368  0.79125  1.3 
 1.72375  0.790821  1.3 
 1.72417  0.78875  1.3 
 1.72462  0.78625  1.3 
 1.72503  0.78375  1.3 
 1.72542  0.78125  1.3 
 1.7258  0.77875  1.3 
 1.72622  0.77625  1.3 
 1.72625  0.776097  1.3 
 1.72675  0.77375  1.3 


# Contour 46, label:      1.2
 1.73703  0.55625  1.2 
 1.73698  0.55375  1.2 
 1.73693  0.55125  1.2 
 1.73689  0.54875  1.2 
 1.73685  0.54625  1.2 
 1.73681  0.54375  1.2 
 1.73677  0.54125  1.2 
 1.73674  0.53875  1.2 
 1.73671  0.53625  1.2 
 1.73668  0.53375  1.2 
 1.73666  0.53125  1.2 
 1.73663  0.52875  1.2 
 1.73661  0.52625  1.2 
 1.73659  0.52375  1.2 
 1.73657  0.52125  1.2 
 1.73656  0.51875  1.2 
 1.73654  0.51625  1.2 
 1.73653  0.51375  1.2 
 1.73652  0.51125  1.2 
 1.73651  0.50875  1.2 
 1.73651  0.50625  1.2 
 1.7365  0.50375  1.2 
 1.7365  0.50125  1.2 

# Contour 47, label: 
 1.72525  0.77375  1.2 
 1.72572  0.77125  1.2 
 1.72625  0.768975  1.2 
 1.72629  0.76875  1.2 
 1.72673  0.76625  1.2 
 1.72714  0.76375  1.2 
 1.72755  0.76125  1.2 
 1.72801  0.75875  1.2 
 1.72858  0.75625  1.2 
 1.72875  0.755589  1.2 
 1.7291  0.75375  1.2 
 1.72954  0.75125  1.2 
 1.72996  0.74875  1.2 
 1.73044  0.74625  1.2 
 1.73102  0.74375  1.2 
 1.73125  0.742904  1.2 
 1.73158  0.74125  1.2 
 1.73204  0.73875  1.2 
 1.73249  0.73625  1.2 
 1.73299  0.73375  1.2 
 1.73363  0.73125  1.2 
 1.73375  0.730818  1.2 
 1.73418  0.72875  1.2 
 1.73465  0.72625  1.2 
 1.73512  0.72375  1.2 
 1.73569  0.72125  1.2 
 1.73625  0.719234  1.2 
 1.73636  0.71875  1.2 
 1.73688  0.71625  1.2 
 1.73736  0.71375  1.2 
 1.7379  0.71125  1.2 
 1.73858  0.70875  1.2 
 1.73875  0.708198  1.2 
 1.73921  0.70625  1.2 
 1.73977  0.70375  1.2 
 1.7404  0.70125  1.2 
 1.74125  0.698813  1.2 
 1.74127  0.69875  1.2 
 1.742  0.69625  1.2 
 1.74263  0.69375  1.2 
 1.7432  0.69125  1.2 
 1.74363  0.68875  1.2 
 1.74375  0.687504  1.2 
 1.7438  0.68625  1.2 
 1.74382  0.68375  1.2 
 1.74379  0.68125  1.2 
 1.74375  0.679915  1.2 
 1.74367  0.67875  1.2 
 1.74346  0.67625  1.2 
 1.74323  0.67375  1.2 
 1.743  0.67125  1.2 
 1.74279  0.66875  1.2 
 1.74259  0.66625  1.2 
 1.74241  0.66375  1.2 
 1.74225  0.66125  1.2 
 1.7421  0.65875  1.2 
 1.74196  0.65625  1.2 
 1.74184  0.65375  1.2 
 1.74172  0.65125  1.2 
 1.74161  0.64875  1.2 
 1.7415  0.64625  1.2 
 1.7414  0.64375  1.2 
 1.74129  0.64125  1.2 
 1.74125  0.640433  1.2 
 1.74106  0.63875  1.2 
 1.74079  0.63625  1.2 
 1.74056  0.63375  1.2 
 1.74035  0.63125  1.2 
 1.74017  0.62875  1.2 
 1.74  0.62625  1.2 
 1.73986  0.62375  1.2 
 1.73972  0.62125  1.2 
 1.7396  0.61875  1.2 
 1.73949  0.61625  1.2 
 1.73939  0.61375  1.2 
 1.73929  0.61125  1.2 
 1.73921  0.60875  1.2 
 1.73912  0.60625  1.2 
 1.73904  0.60375  1.2 
 1.73896  0.60125  1.2 
 1.73888  0.59875  1.2 
 1.7388  0.59625  1.2 
 1.73875  0.594553  1.2 
 1.73868  0.59375  1.2 
 1.73849  0.59125  1.2 
 1.73831  0.58875  1.2 
 1.73814  0.58625  1.2 
 1.738  0.58375  1.2 
 1.73787  0.58125  1.2 
 1.73775  0.57875  1.2 
 1.73764  0.57625  1.2 
 1.73754  0.57375  1.2 
 1.73745  0.57125  1.2 
 1.73736  0.56875  1.2 
 1.73728  0.56625  1.2 
 1.73721  0.56375  1.2 
 1.73715  0.56125  1.2 
 1.73709  0.55875  1.2 
 1.73703  0.55625  1.2 

# Contour 48, label: 
 1.70514  0.99875  1.2 
 1.70514  0.99625  1.2 
 1.70515  0.99375  1.2 
 1.70517  0.99125  1.2 
 1.70519  0.98875  1.2 
 1.70521  0.98625  1.2 
 1.70524  0.98375  1.2 
 1.70527  0.98125  1.2 
 1.70531  0.97875  1.2 
 1.70535  0.97625  1.2 
 1.7054  0.97375  1.2 
 1.70546  0.97125  1.2 
 1.70552  0.96875  1.2 
 1.70559  0.96625  1.2 
 1.70566  0.96375  1.2 
 1.70575  0.96125  1.2 
 1.70584  0.95875  1.2 
 1.70594  0.95625  1.2 
 1.70605  0.95375  1.2 
 1.70618  0.95125  1.2 
 1.70625  0.94994  1.2 
 1.7063  0.94875  1.2 
 1.7064  0.94625  1.2 
 1.70651  0.94375  1.2 
 1.70662  0.94125  1.2 
 1.70673  0.93875  1.2 
 1.70684  0.93625  1.2 
 1.70695  0.93375  1.2 
 1.70707  0.93125  1.2 
 1.70719  0.92875  1.2 
 1.70731  0.92625  1.2 
 1.70744  0.92375  1.2 
 1.70758  0.92125  1.2 
 1.70773  0.91875  1.2 
 1.70788  0.91625  1.2 
 1.70806  0.91375  1.2 
 1.70825  0.91125  1.2 
 1.70847  0.90875  1.2 
 1.70871  0.90625  1.2 
 1.70875  0.905827  1.2 
 1.70891  0.90375  1.2 
 1.70909  0.90125  1.2 
 1.70928  0.89875  1.2 
 1.70946  0.89625  1.2 
 1.70964  0.89375  1.2 
 1.70982  0.89125  1.2 
 1.71001  0.88875  1.2 
 1.71022  0.88625  1.2 
 1.71044  0.88375  1.2 
 1.71069  0.88125  1.2 
 1.71097  0.87875  1.2 
 1.71125  0.876602  1.2 
 1.71129  0.87625  1.2 
 1.71153  0.87375  1.2 
 1.71176  0.87125  1.2 
 1.71199  0.86875  1.2 
 1.71222  0.86625  1.2 
 1.71245  0.86375  1.2 
 1.7127  0.86125  1.2 
 1.71297  0.85875  1.2 
 1.71328  0.85625  1.2 
 1.71364  0.85375  1.2 
 1.71375  0.853079  1.2 
 1.71397  0.85125  1.2 
 1.71424  0.84875  1.2 
 1.71451  0.84625  1.2 
 1.71478  0.84375  1.2 
 1.71505  0.84125  1.2 
 1.71535  0.83875  1.2 
 1.71569  0.83625  1.2 
 1.71609  0.83375  1.2 
 1.71625  0.832835  1.2 
 1.71646  0.83125  1.2 
 1.71678  0.82875  1.2 
 1.71708  0.82625  1.2 
 1.71738  0.82375  1.2 
 1.71769  0.82125  1.2 
 1.71805  0.81875  1.2 
 1.71847  0.81625  1.2 
 1.71875  0.814792  1.2 
 1.71891  0.81375  1.2 
 1.71925  0.81125  1.2 
 1.71958  0.80875  1.2 
 1.71991  0.80625  1.2 
 1.72027  0.80375  1.2 
 1.72067  0.80125  1.2 
 1.72117  0.79875  1.2 
 1.72125  0.798359  1.2 
 1.72158  0.79625  1.2 
 1.72195  0.79375  1.2 
 1.7223  0.79125  1.2 
 1.72267  0.78875  1.2 
 1.7231  0.78625  1.2 
 1.72361  0.78375  1.2 
 1.72375  0.783163  1.2 
 1.72408  0.78125  1.2 
 1.72447  0.77875  1.2 
 1.72485  0.77625  1.2 
 1.72525  0.77375  1.2 


# Contour 49, label:      1.1
 1.73625  0.55625  1.1 
 1.73612  0.55375  1.1 
 1.73601  0.55125  1.1 
 1.7359  0.54875  1.1 
 1.73581  0.54625  1.1 
 1.73572  0.54375  1.1 
 1.73565  0.54125  1.1 
 1.73557  0.53875  1.1 
 1.73551  0.53625  1.1 
 1.73545  0.53375  1.1 
 1.73539  0.53125  1.1 
 1.73534  0.52875  1.1 
 1.7353  0.52625  1.1 
 1.73526  0.52375  1.1 
 1.73522  0.52125  1.1 
 1.73519  0.51875  1.1 
 1.73516  0.51625  1.1 
 1.73514  0.51375  1.1 
 1.73512  0.51125  1.1 
 1.73511  0.50875  1.1 
 1.7351  0.50625  1.1 
 1.73509  0.50375  1.1 
 1.73509  0.50125  1.1 

# Contour 50, label: 
 1.72375  0.773941  1.1 
 1.72377  0.77375  1.1 
 1.72407  0.77125  1.1 
 1.72441  0.76875  1.1 
 1.72482  0.76625  1.1 
 1.72533  0.76375  1.1 
 1.72598  0.76125  1.1 
 1.72625  0.760274  1.1 
 1.72645  0.75875  1.1 
 1.72679  0.75625  1.1 
 1.72719  0.75375  1.1 
 1.72769  0.75125  1.1 
 1.72835  0.74875  1.1 
 1.72875  0.747367  1.1 
 1.72891  0.74625  1.1 
 1.72926  0.74375  1.1 
 1.72967  0.74125  1.1 
 1.73021  0.73875  1.1 
 1.7309  0.73625  1.1 
 1.73125  0.735094  1.1 
 1.73144  0.73375  1.1 
 1.73182  0.73125  1.1 
 1.73228  0.72875  1.1 
 1.73287  0.72625  1.1 
 1.73364  0.72375  1.1 
 1.73375  0.723397  1.1 
 1.73407  0.72125  1.1 
 1.73448  0.71875  1.1 
 1.735  0.71625  1.1 
 1.7357  0.71375  1.1 
 1.73625  0.712088  1.1 
 1.73639  0.71125  1.1 
 1.73679  0.70875  1.1 
 1.7373  0.70625  1.1 
 1.738  0.70375  1.1 
 1.73875  0.701715  1.1 
 1.73884  0.70125  1.1 
 1.73935  0.69875  1.1 
 1.74007  0.69625  1.1 
 1.74101  0.69375  1.1 
 1.74125  0.693096  1.1 
 1.74156  0.69125  1.1 
 1.74188  0.68875  1.1 
 1.74207  0.68625  1.1 
 1.74216  0.68375  1.1 
 1.74215  0.68125  1.1 
 1.74209  0.67875  1.1 
 1.742  0.67625  1.1 
 1.74189  0.67375  1.1 
 1.74177  0.67125  1.1 
 1.74167  0.66875  1.1 
 1.74156  0.66625  1.1 
 1.74146  0.66375  1.1 
 1.74137  0.66125  1.1 
 1.74129  0.65875  1.1 
 1.74125  0.657727  1.1 
 1.74107  0.65625  1.1 
 1.74078  0.65375  1.1 
 1.74053  0.65125  1.1 
 1.74029  0.64875  1.1 
 1.74009  0.64625  1.1 
 1.7399  0.64375  1.1 
 1.73973  0.64125  1.1 
 1.73958  0.63875  1.1 
 1.73944  0.63625  1.1 
 1.73932  0.63375  1.1 
 1.73921  0.63125  1.1 
 1.73911  0.62875  1.1 
 1.73902  0.62625  1.1 
 1.73894  0.62375  1.1 
 1.73886  0.62125  1.1 
 1.73879  0.61875  1.1 
 1.73875  0.617308  1.1 
 1.73864  0.61625  1.1 
 1.7384  0.61375  1.1 
 1.73819  0.61125  1.1 
 1.738  0.60875  1.1 
 1.73782  0.60625  1.1 
 1.73766  0.60375  1.1 
 1.73751  0.60125  1.1 
 1.73738  0.59875  1.1 
 1.73725  0.59625  1.1 
 1.73714  0.59375  1.1 
 1.73704  0.59125  1.1 
 1.73695  0.58875  1.1 
 1.73686  0.58625  1.1 
 1.73679  0.58375  1.1 
 1.73672  0.58125  1.1 
 1.73665  0.57875  1.1 
 1.73659  0.57625  1.1 
 1.73654  0.57375  1.1 
 1.73649  0.57125  1.1 
 1.73644  0.56875  1.1 
 1.7364  0.56625  1.1 
 1.73636  0.56375  1.1 
 1.73632  0.56125  1.1 
 1.73628  0.55875  1.1 
 1.73625  0.556333  1.1 
 1.73625  0.55625  1.1 

# Contour 51, label: 
 1.70355  0.99875  1.1 
 1.70356  0.99625  1.1 
 1.70358  0.99375  1.1 
 1.7036  0.99125  1.1 
 1.70363  0.98875  1.1 
 1.70367  0.98625  1.1 
 1.70371  0.98375  1.1 
 1.70375  0.982122  1.1 
 1.70376  0.98125  1.1 
 1.70378  0.97875  1.1 
 1.70381  0.97625  1.1 
 1.70385  0.97375  1.1 
 1.70388  0.97125  1.1 
 1.70392  0.96875  1.1 
 1.70396  0.96625  1.1 
 1.70401  0.96375  1.1 
 1.70406  0.96125  1.1 
 1.70412  0.95875  1.1 
 1.70418  0.95625  1.1 
 1.70424  0.95375  1.1 
 1.70431  0.95125  1.1 
 1.70439  0.94875  1.1 
 1.70448  0.94625  1.1 
 1.70457  0.94375  1.1 
 1.70467  0.94125  1.1 
 1.70478  0.93875  1.1 
 1.7049  0.93625  1.1 
 1.70504  0.93375  1.1 
 1.70518  0.93125  1.1 
 1.70535  0.92875  1.1 
 1.70553  0.92625  1.1 
 1.70574  0.92375  1.1 
 1.70596  0.92125  1.1 
 1.7062  0.91875  1.1 
 1.70625  0.918288  1.1 
 1.70634  0.91625  1.1 
 1.70645  0.91375  1.1 
 1.70657  0.91125  1.1 
 1.70669  0.90875  1.1 
 1.70683  0.90625  1.1 
 1.70698  0.90375  1.1 
 1.70715  0.90125  1.1 
 1.70734  0.89875  1.1 
 1.70755  0.89625  1.1 
 1.70778  0.89375  1.1 
 1.70805  0.89125  1.1 
 1.70836  0.88875  1.1 
 1.7087  0.88625  1.1 
 1.70875  0.885867  1.1 
 1.70888  0.88375  1.1 
 1.70903  0.88125  1.1 
 1.7092  0.87875  1.1 
 1.70939  0.87625  1.1 
 1.70959  0.87375  1.1 
 1.70983  0.87125  1.1 
 1.7101  0.86875  1.1 
 1.71041  0.86625  1.1 
 1.71077  0.86375  1.1 
 1.71118  0.86125  1.1 
 1.71125  0.860809  1.1 
 1.7114  0.85875  1.1 
 1.71159  0.85625  1.1 
 1.7118  0.85375  1.1 
 1.71204  0.85125  1.1 
 1.71231  0.84875  1.1 
 1.71263  0.84625  1.1 
 1.713  0.84375  1.1 
 1.71344  0.84125  1.1 
 1.71375  0.839614  1.1 
 1.71383  0.83875  1.1 
 1.71404  0.83625  1.1 
 1.71427  0.83375  1.1 
 1.71454  0.83125  1.1 
 1.71485  0.82875  1.1 
 1.71522  0.82625  1.1 
 1.71566  0.82375  1.1 
 1.71618  0.82125  1.1 
 1.71625  0.820932  1.1 
 1.71646  0.81875  1.1 
 1.71671  0.81625  1.1 
 1.71699  0.81375  1.1 
 1.71733  0.81125  1.1 
 1.71774  0.80875  1.1 
 1.71823  0.80625  1.1 
 1.71875  0.804012  1.1 
 1.71878  0.80375  1.1 
 1.71904  0.80125  1.1 
 1.71932  0.79875  1.1 
 1.71966  0.79625  1.1 
 1.72006  0.79375  1.1 
 1.72056  0.79125  1.1 
 1.72117  0.78875  1.1 
 1.72125  0.788438  1.1 
 1.72149  0.78625  1.1 
 1.7218  0.78375  1.1 
 1.72216  0.78125  1.1 
 1.72259  0.77875  1.1 
 1.72314  0.77625  1.1 
 1.72375  0.773941  1.1 

