
# Surface 0 of 1 surfaces

# Curve title: ""./data/OGFM-LS1-shocked_helium_bubble-MUSCL-325-89-3083-ls.dat""

# Contour 0, label:        0
 80.5  30.8709  0 
 79.5  31.3103  0 
 79.0379  31.5  0 
 78.5  31.7147  0 
 77.5  32.0827  0 
 76.5  32.4241  0 
 76.2661  32.5  0 
 75.5  32.7414  0 
 74.5  33.0349  0 
 73.5  33.3102  0 
 72.7792  33.5  0 
 72.5  33.5719  0 
 71.5  33.8161  0 
 70.5  34.0482  0 
 69.5  34.2721  0 
 68.5  34.4917  0 
 68.4623  34.5  0 
 67.5  34.7038  0 
 66.5  34.9065  0 
 65.5  35.1043  0 
 64.5  35.2989  0 
 63.5  35.492  0 
 63.4588  35.5  0 
 62.5  35.6829  0 
 61.5  35.865  0 
 60.5  36.0418  0 
 59.5  36.2128  0 
 58.5  36.374  0 
 57.6463  36.5  0 
 57.5  36.5225  0 
 56.5  36.6551  0 
 55.5  36.7647  0 
 54.5  36.8506  0 
 53.5  36.9103  0 
 52.5  36.9396  0 
 51.5  36.9306  0 
 50.5  36.8709  0 
 49.5  36.7436  0 
 48.5  36.5286  0 

# Contour 1, label: 
 48.5  36.5286  0 
 48.4097  36.5  0 
 47.5  36.1684  0 
 46.5  35.6134  0 
 46.3469  35.5  0 
 45.5  34.6278  0 
 45.4029  34.5  0 
 44.9258  33.5  0 
 44.7393  32.5  0 
 44.8475  31.5  0 
 45.2059  30.5  0 
 45.5  29.9767  0 
 45.7943  29.5  0 
 46.5  28.618  0 
 46.6064  28.5  0 
 47.5  27.6571  0 
 47.6918  27.5  0 
 48.5  26.9011  0 
 49.1389  26.5  0 
 49.5  26.2873  0 
 50.5  25.7979  0 
 51.266  25.5  0 
 51.5  25.4118  0 
 52.5  25.1344  0 
 53.5  24.9548  0 
 54.5  24.8744  0 
 55.5  24.9049  0 
 56.5  25.0609  0 
 57.5  25.3454  0 
 57.9255  25.5  0 
 58.5  25.7633  0 
 59.5  26.1645  0 
 60.5  26.3193  0 
 61.5  26.1369  0 
 62.4491  25.5  0 
 62.5  25.4448  0 
 62.9778  24.5  0 
 63.2965  23.5  0 
 63.5  22.5824  0 
 63.5175  22.5  0 
 63.7289  21.5  0 
 64.0785  20.5  0 
 64.5  19.6971  0 
 64.6173  19.5  0 
 65.3871  18.5  0 
 65.5  18.3787  0 
 66.4421  17.5  0 
 66.5  17.4527  0 
 67.5  16.7365  0 
 67.8823  16.5  0 
 68.5  16.1447  0 
 69.5  15.6421  0 
 69.8216  15.5  0 
 70.5  15.2165  0 
 71.5  14.8516  0 
 72.5  14.5383  0 
 72.6426  14.5  0 
 73.5  14.279  0 
 74.5  14.0649  0 
 75.5  13.8955  0 
 76.5  13.772  0 
 77.5  13.6974  0 
 78.5  13.676  0 
 79.5  13.7132  0 
 80.5  13.8143  0 
 81.5  13.9841  0 
 82.5  14.2297  0 
 83.3193  14.5  0 
 83.5  14.5655  0 
 84.5  15.0286  0 
 85.2952  15.5  0 
 85.5  15.6374  0 
 86.5  16.4686  0 
 86.5319  16.5  0 
 87.3828  17.5  0 
 87.5  17.6753  0 
 87.9862  18.5  0 
 88.4044  19.5  0 
 88.5  19.8711  0 
 88.6522  20.5  0 
 88.7453  21.5  0 
 88.6706  22.5  0 
 88.5  23.2477  0 
 88.4391  23.5  0 
 88.0397  24.5  0 
 87.5  25.4635  0 
 87.4775  25.5  0 
 86.7258  26.5  0 
 86.5  26.7565  0 
 85.7718  27.5  0 
 85.5  27.7478  0 
 84.5812  28.5  0 
 84.5  28.5613  0 
 83.5  29.2482  0 
 83.0955  29.5  0 
 82.5  29.8513  0 
 81.5  30.3877  0 
 81.2743  30.5  0 
 80.5  30.8709  0 

# Contour 2, label: 
 82.5  59.1487  0 
 83.0955  59.5  0 
 83.5  59.7518  0 
 84.5  60.4387  0 
 84.5812  60.5  0 
 85.5  61.2522  0 
 85.7718  61.5  0 
 86.5  62.2435  0 
 86.7258  62.5  0 
 87.4775  63.5  0 
 87.5  63.5365  0 
 88.0397  64.5  0 
 88.4391  65.5  0 
 88.5  65.7523  0 
 88.6706  66.5  0 
 88.7453  67.5  0 
 88.6522  68.5  0 
 88.5  69.1289  0 
 88.4044  69.5  0 
 87.9862  70.5  0 
 87.5  71.3247  0 
 87.3828  71.5  0 
 86.5319  72.5  0 
 86.5  72.5314  0 
 85.5  73.3626  0 
 85.2952  73.5  0 
 84.5  73.9714  0 
 83.5  74.4345  0 
 83.3193  74.5  0 
 82.5  74.7703  0 
 81.5  75.0159  0 
 80.5  75.1857  0 
 79.5  75.2868  0 
 78.5  75.324  0 
 77.5  75.3026  0 
 76.5  75.228  0 
 75.5  75.1045  0 
 74.5  74.9351  0 
 73.5  74.721  0 

# Contour 3, label: 
 73.5  74.721  0 
 72.6426  74.5  0 
 72.5  74.4617  0 
 71.5  74.1484  0 
 70.5  73.7835  0 
 69.8216  73.5  0 
 69.5  73.3579  0 
 68.5  72.8553  0 
 67.8823  72.5  0 
 67.5  72.2635  0 
 66.5  71.5473  0 
 66.4421  71.5  0 
 65.5  70.6213  0 
 65.3871  70.5  0 
 64.6173  69.5  0 
 64.5  69.3029  0 
 64.0785  68.5  0 
 63.7289  67.5  0 
 63.5175  66.5  0 
 63.5  66.4176  0 
 63.2965  65.5  0 
 62.9778  64.5  0 
 62.5  63.5552  0 
 62.4491  63.5  0 
 61.5  62.8631  0 
 60.5  62.6807  0 
 59.5  62.8355  0 
 58.5  63.2367  0 
 57.9255  63.5  0 
 57.5  63.6546  0 
 56.5  63.9391  0 
 55.5  64.0951  0 
 54.5  64.1256  0 
 53.5  64.0452  0 
 52.5  63.8656  0 
 51.5  63.5882  0 
 51.266  63.5  0 
 50.5  63.2021  0 
 49.5  62.7127  0 
 49.1389  62.5  0 
 48.5  62.0989  0 
 47.6918  61.5  0 
 47.5  61.3429  0 
 46.6064  60.5  0 
 46.5  60.382  0 
 45.7943  59.5  0 
 45.5  59.0233  0 
 45.2059  58.5  0 
 44.8475  57.5  0 
 44.7393  56.5  0 
 44.9258  55.5  0 
 45.4029  54.5  0 
 45.5  54.3722  0 
 46.3469  53.5  0 
 46.5  53.3866  0 
 47.5  52.8316  0 
 48.4097  52.5  0 
 48.5  52.4714  0 
 49.5  52.2564  0 
 50.5  52.1291  0 
 51.5  52.0694  0 
 52.5  52.0604  0 
 53.5  52.0897  0 
 54.5  52.1494  0 
 55.5  52.2353  0 
 56.5  52.3449  0 
 57.5  52.4775  0 
 57.6463  52.5  0 
 58.5  52.626  0 
 59.5  52.7872  0 
 60.5  52.9582  0 
 61.5  53.135  0 
 62.5  53.3171  0 
 63.4588  53.5  0 
 63.5  53.508  0 
 64.5  53.7011  0 
 65.5  53.8957  0 
 66.5  54.0935  0 
 67.5  54.2962  0 
 68.4623  54.5  0 
 68.5  54.5083  0 
 69.5  54.7279  0 
 70.5  54.9518  0 
 71.5  55.1839  0 
 72.5  55.4281  0 
 72.7792  55.5  0 
 73.5  55.6898  0 
 74.5  55.9651  0 
 75.5  56.2586  0 
 76.2661  56.5  0 
 76.5  56.5759  0 
 77.5  56.9173  0 
 78.5  57.2853  0 
 79.0379  57.5  0 
 79.5  57.6897  0 
 80.5  58.1291  0 
 81.2743  58.5  0 
 81.5  58.6123  0 
 82.5  59.1487  0 

